1781296927315 2.381948471069336 0
1781296927325 2.209193229675293 1
1781296927330 2.2004683017730713 2
1781296927333 2.058384418487549 3
1781296927335 1.965320110321045 4
1781296927338 2.0315651893615723 5
1781296927340 1.893625020980835 6
1781296927343 1.8689560890197754 7
1781296927345 1.8650771379470825 8
1781296927348 1.7546634674072266 9
1781296927350 1.7793035507202148 10
1781296927353 1.5955312252044678 11
1781296927355 1.535851001739502 12
1781296927358 1.3683823347091675 13
1781296927375 1.4106438159942627 14
1781296927378 1.2688617706298828 15
1781296927382 1.3463003635406494 16
1781296927384 1.281119465827942 17
1781296927387 1.1606580018997192 18
1781296927389 1.172874093055725 19
1781296927391 1.116675853729248 20
1781296927394 1.0087292194366455 21
1781296927396 1.0010123252868652 22
1781296927399 1.166935920715332 23
1781296927401 0.948466420173645 24
1781296927403 1.1511777639389038 25
1781296927406 0.96404629945755 26
1781296927408 0.8083152770996094 27
1781296927411 0.850348174571991 28
1781296927413 0.8215731978416443 29
1781296927416 0.8981820344924927 30
1781296927418 0.6611452102661133 31
1781296927421 0.8603740930557251 32
1781296927423 0.7733913064002991 33
1781296927426 0.7485813498497009 34
1781296927428 0.8230127096176147 35
1781296927431 0.8876262903213501 36
1781296927434 0.7627690434455872 37
1781296927438 0.7395193576812744 38
1781296927441 0.6895376443862915 39
1781296927444 0.8246738910675049 40
1781296927447 0.6255266666412354 41
1781296927450 0.7628700137138367 42
1781296927452 0.8004769682884216 43
1781296927455 0.6150160431861877 44
1781296927457 0.641752302646637 45
1781296927459 0.6259785294532776 46
1781296927462 0.672429621219635 47
1781296927464 0.782246470451355 48
1781296927467 0.5348000526428223 49
1781296927469 0.6998679637908936 50
1781296927472 0.47725364565849304 51
1781296927474 0.6263940930366516 52
1781296927477 0.9352107048034668 53
1781296927479 0.5073519349098206 54
1781296927482 0.558635950088501 55
1781296927484 0.5647541284561157 56
1781296927487 0.5355717539787292 57
1781296927489 0.5686203837394714 58
1781296927492 0.6075854301452637 59
1781296927495 0.5393024682998657 60
1781296927497 0.47219303250312805 61
1781296927500 0.7256064414978027 62
1781296927502 0.544376790523529 63
1781296927504 0.6815809607505798 64
1781296927507 0.6119851469993591 65
1781296927509 0.5078949332237244 66
1781296927512 0.548747718334198 67
1781296927514 0.8002521991729736 68
1781296927517 0.3585728704929352 69
1781296927519 0.4506448209285736 70
1781296927521 0.6320133209228516 71
1781296927524 0.5028983354568481 72
1781296927527 0.5612701773643494 73
1781296927529 0.612481951713562 74
1781296927531 0.4266524910926819 75
1781296927534 0.49388548731803894 76
1781296927536 0.5969150066375732 77
1781296927539 0.5256031155586243 78
1781296927541 0.49991005659103394 79
1781296927544 0.4511512815952301 80
1781296927546 0.6531854271888733 81
1781296927549 0.7255979776382446 82
1781296927551 0.44334688782691956 83
1781296927553 0.6240994334220886 84
1781296927556 0.3666888177394867 85
1781296927561 0.5555923581123352 86
1781296927564 0.4400525987148285 87
1781296927567 0.5876193642616272 88
1781296927569 0.48923081159591675 89
1781296927572 0.7529786825180054 90
1781296927574 0.5968831181526184 91
1781296927576 0.41106268763542175 92
1781296927579 0.38417455554008484 93
1781296927581 0.46984899044036865 94
1781296927584 0.3435231149196625 95
1781296927587 0.467426598072052 96
1781296927589 0.4645865261554718 97
1781296927592 0.5843803286552429 98
1781296927594 0.46780630946159363 99
1781296927597 0.44067633152008057 100
1781296927599 0.5737361907958984 101
1781296927602 0.3749222457408905 102
1781296927604 0.649518609046936 103
1781296927607 0.42354992032051086 104
1781296927609 0.5834250450134277 105
1781296927612 0.6020917892456055 106
1781296927614 0.7192249298095703 107
1781296927617 0.421084463596344 108
1781296927619 0.5583724975585938 109
1781296927622 0.4442203640937805 110
1781296927624 0.4952380061149597 111
1781296927626 0.3579420745372772 112
1781296927629 0.47011813521385193 113
1781296927631 0.5225154757499695 114
1781296927633 0.6248214840888977 115
1781296927636 0.6226447820663452 116
1781296927638 0.5746482610702515 117
1781296927641 0.3396604359149933 118
1781296927643 0.3643931448459625 119
1781296927645 0.38600441813468933 120
1781296927648 0.5534534454345703 121
1781296927650 0.6493925452232361 122
1781296927653 0.5071561932563782 123
1781296927655 0.4280792474746704 124
1781296927658 0.3666466176509857 125
1781296927661 0.3388805389404297 126
1781296927664 0.5107641816139221 127
1781296927666 0.3812101185321808 128
1781296927669 0.43237099051475525 129
1781296927672 0.47480836510658264 130
1781296927674 0.5142549276351929 131
1781296927677 0.6649285554885864 132
1781296927679 0.6183996200561523 133
1781296927682 0.5464914441108704 134
1781296927688 0.2851198613643646 135
1781296927691 0.3248463273048401 136
1781296927693 0.6251416206359863 137
1781296927696 0.5030847787857056 138
1781296927698 0.5446244478225708 139
1781296927701 0.3462030291557312 140
1781296927703 0.611687421798706 141
1781296927706 0.30059054493904114 142
1781296927708 0.47021278738975525 143
1781296927711 0.4311440885066986 144
1781296927713 0.557857871055603 145
1781296927716 0.32985782623291016 146
1781296927718 0.45872917771339417 147
1781296927721 0.36541813611984253 148
1781296927723 0.4090813398361206 149
1781296927726 0.3253004550933838 150
1781296927729 0.6111547946929932 151
1781296927731 0.47284573316574097 152
1781296927734 0.29397886991500854 153
1781296927737 0.2878943681716919 154
1781296927744 0.42924025654792786 155
1781296927747 0.5680728554725647 156
1781296927751 0.5316608548164368 157
1781296927754 0.3055970072746277 158
1781296927758 0.34578725695610046 159
1781296927761 0.36774128675460815 160
1781296927764 0.542170524597168 161
1781296927767 0.33187416195869446 162
1781296927771 0.4386335015296936 163
1781296927774 0.3702240586280823 164
1781296927777 0.3806827962398529 165
1781296927781 0.3187563419342041 166
1781296927784 0.3938068449497223 167
1781296927787 0.4810423254966736 168
1781296927790 0.4810584485530853 169
1781296927793 0.3632955551147461 170
1781296927797 0.3689787685871124 171
1781296927801 0.3987017273902893 172
1781296927804 0.5399347543716431 173
1781296927807 0.3119773864746094 174
1781296927810 0.3404378890991211 175
1781296927814 0.43847742676734924 176
1781296927817 0.4769223630428314 177
1781296927820 0.3216872215270996 178
1781296927824 0.6189314723014832 179
1781296927828 0.36770087480545044 180
1781296927832 0.5155377984046936 181
1781296927836 0.45043516159057617 182
1781296927840 0.3684053122997284 183
1781296927845 0.45858830213546753 184
1781296927850 0.23057396709918976 185
1781296927854 0.3485659956932068 186
1781296927858 0.3296377658843994 187
1781296927861 0.4630233943462372 188
1781296927865 0.3481752574443817 189
1781296927868 0.47263556718826294 190
1781296927872 0.5091421604156494 191
1781296927876 0.29912111163139343 192
1781296927879 0.34456774592399597 193
1781296927882 0.43126317858695984 194
1781296927885 0.4632014334201813 195
1781296927890 0.23558562994003296 196
1781296927893 0.3273051381111145 197
1781296927897 0.2343551516532898 198
1781296927900 0.3359706401824951 199
1781296927904 0.22592505812644958 200
1781296927908 0.2479781210422516 201
1781296927911 0.25557011365890503 202
1781296927914 0.39473479986190796 203
1781296927918 0.38081759214401245 204
1781296927921 0.30609530210494995 205
1781296927925 0.5977866053581238 206
1781296927929 0.317474901676178 207
1781296927933 0.2985232472419739 208
1781296927936 0.39095115661621094 209
1781296927940 0.45368117094039917 210
1781296927943 0.2876516580581665 211
1781296927947 0.24446015059947968 212
1781296927954 0.25570595264434814 213
1781296927958 0.44503897428512573 214
1781296927962 0.5683765411376953 215
1781296927966 0.399788498878479 216
1781296927970 0.6045429110527039 217
1781296927974 0.17951196432113647 218
1781296927979 0.6597191691398621 219
1781296927984 0.3947298526763916 220
1781296927987 0.2878500819206238 221
1781296927995 0.4923323094844818 222
1781296927999 0.6660537123680115 223
1781296928002 0.3746812343597412 224
1781296928005 0.37570053339004517 225
1781296928010 0.507500171661377 226
1781296928013 0.42077699303627014 227
1781296928016 0.4178917109966278 228
1781296928020 0.5189990997314453 229
1781296928023 0.457250714302063 230
1781296928027 0.2737587094306946 231
1781296928030 0.24295102059841156 232
1781296928033 0.220115527510643 233
1781296928037 0.4682275056838989 234
1781296928040 0.41221362352371216 235
1781296928044 0.19985781610012054 236
1781296928047 0.39571699500083923 237
1781296928051 0.5335540771484375 238
1781296928054 0.5487990975379944 239
1781296928057 0.5666366815567017 240
1781296928061 0.3190617859363556 241
1781296928064 0.29383569955825806 242
1781296928067 0.34707900881767273 243
1781296928071 0.6393126845359802 244
1781296928075 0.392088919878006 245
1781296928078 0.23350518941879272 246
1781296928081 0.34326696395874023 247
1781296928086 0.3121970593929291 248
1781296928090 0.3483717739582062 249
1781296928093 0.273629754781723 250
1781296928097 0.29426977038383484 251
1781296928101 0.28159788250923157 252
1781296928104 0.33567288517951965 253
1781296928108 0.19195987284183502 254
1781296928111 0.35954129695892334 255
1781296928115 0.2736096978187561 256
1781296928119 0.3612009882926941 257
1781296928122 0.4633117616176605 258
1781296928125 0.3908395767211914 259
1781296928128 0.3828474283218384 260
1781296928132 0.14600127935409546 261
1781296928135 0.3073548376560211 262
1781296928139 0.3660523593425751 263
1781296928142 0.39580148458480835 264
1781296928145 0.4589206278324127 265
1781296928148 0.45749109983444214 266
1781296928152 0.4575801491737366 267
1781296928155 0.18474185466766357 268
1781296928158 0.4792526662349701 269
1781296928162 0.34918835759162903 270
1781296928165 0.490367591381073 271
1781296928168 0.26282018423080444 272
1781296928172 0.1516960710287094 273
1781296928175 0.3518257439136505 274
1781296928179 0.3524834215641022 275
1781296928182 0.35170406103134155 276
1781296928185 0.4039861857891083 277
1781296928189 0.26089927554130554 278
1781296928192 0.5074446201324463 279
1781296928195 0.14192484319210052 280
1781296928199 0.39217424392700195 281
1781296928202 0.2469903975725174 282
1781296928205 0.33639878034591675 283
1781296928209 0.4160267412662506 284
1781296928213 0.3475210964679718 285
1781296928216 0.4605580270290375 286
1781296928219 0.42015352845191956 287
1781296928222 0.4551824629306793 288
1781296928225 0.5672327280044556 289
1781296928229 0.5136426687240601 290
1781296928232 0.4385237395763397 291
1781296928236 0.2748335599899292 292
1781296928241 0.3601442575454712 293
1781296928244 0.4141673743724823 294
1781296928248 0.29152143001556396 295
1781296928252 0.20398063957691193 296
1781296928255 0.4314548075199127 297
1781296928258 0.1846981942653656 298
1781296928262 0.7269692420959473 299
1781296928266 0.26288968324661255 300
1781296928271 0.39484813809394836 301
1781296928275 0.4169001877307892 302
1781296928278 0.4464515745639801 303
1781296928282 0.19986066222190857 304
1781296928285 0.5762308239936829 305
1781296928289 0.3308003842830658 306
1781296928292 0.2676598131656647 307
1781296928295 0.5375419855117798 308
1781296928298 0.33612021803855896 309
1781296928302 0.26700523495674133 310
1781296928305 0.23806053400039673 311
1781296928308 0.30337685346603394 312
1781296928312 0.2990524470806122 313
1781296928316 0.2593461275100708 314
1781296928319 0.2860185205936432 315
1781296928323 0.22286316752433777 316
1781296928327 0.3325352668762207 317
1781296928330 0.40574607253074646 318
1781296928334 0.3817783296108246 319
1781296928337 0.22410713136196136 320
1781296928340 0.4075726866722107 321
1781296928344 0.3999182879924774 322
1781296928347 0.5225309133529663 323
1781296928351 0.22609859704971313 324
1781296928354 0.2954457402229309 325
1781296928357 0.23676954209804535 326
1781296928361 0.3283286988735199 327
1781296928364 0.5024728775024414 328
1781296928367 0.2232859879732132 329
1781296928371 0.3848077058792114 330
1781296928374 0.2772376835346222 331
1781296928377 0.2960599958896637 332
1781296928381 0.20521646738052368 333
1781296928384 0.25155484676361084 334
1781296928387 0.3054739534854889 335
1781296928390 0.2817241847515106 336
1781296928394 0.22738200426101685 337
1781296928397 0.5030527114868164 338
1781296928400 0.41156941652297974 339
1781296928403 0.32297050952911377 340
1781296928407 0.37956851720809937 341
1781296928411 0.1245691329240799 342
1781296928414 0.3455950617790222 343
1781296928417 0.3354811370372772 344
1781296928420 0.33002397418022156 345
1781296928424 0.22198863327503204 346
1781296928427 0.5228765606880188 347
1781296928430 0.283866822719574 348
1781296928434 0.17920225858688354 349
1781296928437 0.23954325914382935 350
1781296928441 0.5317227840423584 351
1781296928444 0.5490816235542297 352
1781296928447 0.23730453848838806 353
1781296928451 0.25978580117225647 354
1781296928455 0.37559622526168823 355
1781296928461 0.3046983480453491 356
1781296928464 0.3909807503223419 357
1781296928468 0.1957598626613617 358
1781296928471 0.6473274827003479 359
1781296928476 0.32462817430496216 360
1781296928482 0.2862738072872162 361
1781296928489 0.46155303716659546 362
1781296928493 0.29526716470718384 363
1781296928496 0.44886553287506104 364
1781296928500 0.25823619961738586 365
1781296928503 0.29138168692588806 366
1781296928506 0.4144749641418457 367
1781296928510 0.20174215734004974 368
1781296928516 0.35330119729042053 369
1781296928520 0.4765303432941437 370
1781296928523 0.3146456778049469 371
1781296928526 0.2613987624645233 372
1781296928530 0.3504963219165802 373
1781296928534 0.292141318321228 374
1781296928537 0.32238879799842834 375
1781296928540 0.2790704071521759 376
1781296928544 0.6676328182220459 377
1781296928547 0.20363573729991913 378
1781296928551 0.3368925154209137 379
1781296928555 0.2866142988204956 380
1781296928558 0.374722421169281 381
1781296928563 0.2436668574810028 382
1781296928566 0.193596750497818 383
1781296928570 0.24169225990772247 384
1781296928574 0.24238631129264832 385
1781296928577 0.326714426279068 386
1781296928581 0.3785613775253296 387
1781296928585 0.33102932572364807 388
1781296928588 0.5375564098358154 389
1781296928591 0.4790756106376648 390
1781296928594 0.2687629163265228 391
1781296928598 0.4977446496486664 392
1781296928601 0.34315550327301025 393
1781296928604 0.35775497555732727 394
1781296928607 0.46591436862945557 395
1781296928610 0.31864699721336365 396
1781296928614 0.6135624051094055 397
1781296928617 0.3229217231273651 398
1781296928620 0.2556678056716919 399
1781296928623 0.37230709195137024 400
1781296928627 0.21747753024101257 401
1781296928630 0.27284306287765503 402
1781296928634 0.3114863634109497 403
1781296928637 0.3188723623752594 404
1781296928640 0.22890858352184296 405
1781296928644 0.49014249444007874 406
1781296928647 0.38325467705726624 407
1781296928651 0.39824235439300537 408
1781296928654 0.3728508949279785 409
1781296928657 0.3398626446723938 410
1781296928660 0.261978417634964 411
1781296928664 0.6198259592056274 412
1781296928667 0.326353520154953 413
1781296928670 0.19687265157699585 414
1781296928673 0.2954872250556946 415
1781296928677 0.3849416971206665 416
1781296928680 0.34532833099365234 417
1781296928684 0.5145816206932068 418
1781296928687 0.4670148491859436 419
1781296928692 0.24915988743305206 420
1781296928696 0.2777943015098572 421
1781296928701 0.25588858127593994 422
1781296928708 0.218793585896492 423
1781296928713 0.3644722104072571 424
1781296928717 0.22010266780853271 425
1781296928721 0.1883402019739151 426
1781296928725 0.2796332836151123 427
1781296928728 0.513468325138092 428
1781296928731 0.39016246795654297 429
1781296928735 0.5557572245597839 430
1781296928738 0.4431282877922058 431
1781296928741 0.48129308223724365 432
1781296928745 0.4584936797618866 433
1781296928748 0.518394410610199 434
1781296928752 0.3892758786678314 435
1781296928755 0.16019929945468903 436
1781296928758 0.41413649916648865 437
1781296928761 0.32844677567481995 438
1781296928764 0.4456467032432556 439
1781296928768 0.4443475306034088 440
1781296928771 0.35479971766471863 441
1781296928775 0.43652647733688354 442
1781296928779 0.3372876048088074 443
1781296928782 0.2594773769378662 444
1781296928786 0.5403133034706116 445
1781296928790 0.5018556714057922 446
1781296928793 0.25094708800315857 447
1781296928797 0.38101744651794434 448
1781296928804 0.3297777473926544 449
1781296928807 0.311951607465744 450
1781296928811 0.3558315336704254 451
1781296928815 0.39732223749160767 452
1781296928818 0.23487071692943573 453
1781296928822 0.35819733142852783 454
1781296928825 0.39921122789382935 455
1781296928829 0.2097085416316986 456
1781296928833 0.12962092459201813 457
1781296928836 0.33982259035110474 458
1781296928840 0.2064559906721115 459
1781296928843 0.3145676851272583 460
1781296928847 0.4968448281288147 461
1781296928850 0.46744590997695923 462
1781296928854 0.14675496518611908 463
1781296928858 0.36145076155662537 464
1781296928862 0.3583974242210388 465
1781296928866 0.2542407512664795 466
1781296928869 0.3611157238483429 467
1781296928874 0.24029837548732758 468
1781296928879 0.31636476516723633 469
1781296928883 0.27329081296920776 470
1781296928887 0.2525002658367157 471
1781296928891 0.30189159512519836 472
1781296928894 0.2560316324234009 473
1781296928898 0.20973925292491913 474
1781296928901 0.33228930830955505 475
1781296928906 0.3667675256729126 476
1781296928909 0.18704096972942352 477
1781296928913 0.17193059623241425 478
1781296928916 0.2912634313106537 479
1781296928920 0.11601551622152328 480
1781296928923 0.3116209805011749 481
1781296928928 0.32106834650039673 482
1781296928932 0.44480064511299133 483
1781296928935 0.37153002619743347 484
1781296928939 0.21870937943458557 485
1781296928942 0.2887398600578308 486
1781296928946 0.329143762588501 487
1781296928950 0.2780131995677948 488
1781296928955 0.2755093574523926 489
1781296928958 0.4072367250919342 490
1781296928962 0.38056787848472595 491
1781296928966 0.11129447817802429 492
1781296928970 0.4627707302570343 493
1781296928974 0.36832961440086365 494
1781296928977 0.2301473468542099 495
1781296928981 0.19022202491760254 496
1781296928985 0.20855046808719635 497
1781296928989 0.20025770366191864 498
1781296928992 0.18125365674495697 499
1781296928996 0.17500494420528412 500
1781296928999 0.24804037809371948 501
1781296929003 0.16755971312522888 502
1781296929006 0.1955513209104538 503
1781296929009 0.18705375492572784 504
1781296929013 0.23590318858623505 505
1781296929017 0.25798553228378296 506
1781296929021 0.30732446908950806 507
1781296929026 0.5085467100143433 508
1781296929029 0.3201093077659607 509
1781296929033 0.2647447884082794 510
1781296929037 0.29522019624710083 511
1781296929040 0.46999648213386536 512
1781296929044 0.21976879239082336 513
1781296929051 0.13349826633930206 514
1781296929057 0.23392556607723236 515
1781296929061 0.4527828097343445 516
1781296929065 0.27267351746559143 517
1781296929070 0.22303719818592072 518
1781296929078 0.23530012369155884 519
1781296929083 0.3633231520652771 520
1781296929087 0.31170526146888733 521
1781296929091 0.5222880840301514 522
1781296929098 0.2645566165447235 523
1781296929103 0.38959577679634094 524
1781296929107 0.32732638716697693 525
1781296929111 0.2521733343601227 526
1781296929115 0.1400204598903656 527
1781296929119 0.5082921385765076 528
1781296929123 0.338853120803833 529
1781296929127 0.20106257498264313 530
1781296929131 0.3138958811759949 531
1781296929135 0.2050466239452362 532
1781296929139 0.2796485722064972 533
1781296929143 0.2676680088043213 534
1781296929147 0.384838730096817 535
1781296929150 0.2731366753578186 536
1781296929155 0.15161755681037903 537
1781296929160 0.41106534004211426 538
1781296929164 0.2764470875263214 539
1781296929168 0.3133905231952667 540
1781296929171 0.2157943844795227 541
1781296929175 0.32669153809547424 542
1781296929179 0.30035319924354553 543
1781296929183 0.3253248631954193 544
1781296929187 0.49664902687072754 545
1781296929191 0.3055045008659363 546
1781296929195 0.23109084367752075 547
1781296929199 0.2151312530040741 548
1781296929203 0.22713007032871246 549
1781296929206 0.3112161457538605 550
1781296929210 0.21324555575847626 551
1781296929213 0.21520604193210602 552
1781296929220 0.3108747899532318 553
1781296929223 0.3601154386997223 554
1781296929229 0.2725880742073059 555
1781296929232 0.21324791014194489 556
1781296929237 0.2797006666660309 557
1781296929240 0.27476266026496887 558
1781296929243 0.32364603877067566 559
1781296929246 0.548335611820221 560
1781296929250 0.3810262978076935 561
1781296929254 0.3464849293231964 562
1781296929264 0.29517871141433716 563
1781296929268 0.24568669497966766 564
1781296929271 0.1280849277973175 565
1781296929275 0.25371208786964417 566
1781296929278 0.07727308571338654 567
1781296929282 0.17015010118484497 568
1781296929285 0.07176432758569717 569
1781296929288 0.27136319875717163 570
1781296929292 0.31413182616233826 571
1781296929298 0.1718364953994751 572
1781296929302 0.2895123362541199 573
1781296929306 0.3560493588447571 574
1781296929309 0.3656555414199829 575
1781296929313 0.34622934460639954 576
1781296929317 0.24468928575515747 577
1781296929321 0.23054970800876617 578
1781296929324 0.311393678188324 579
1781296929328 0.21928530931472778 580
1781296929332 0.2073049694299698 581
1781296929336 0.20440657436847687 582
1781296929340 0.390395849943161 583
1781296929343 0.35063308477401733 584
1781296929347 0.19414840638637543 585
1781296929350 0.34999996423721313 586
1781296929354 0.17792601883411407 587
1781296929357 0.27612146735191345 588
1781296929361 0.5127384066581726 589
1781296929364 0.19312570989131927 590
1781296929368 0.43878865242004395 591
1781296929371 0.5576270818710327 592
1781296929375 0.16502468287944794 593
1781296929425 0.5226293802261353 594
1781296929428 0.46714746952056885 595
1781296929525 0.3769657611846924 596
1781296929534 0.3501107692718506 597
1781296929537 0.10152065753936768 598
1781296929542 0.32329535484313965 599
1781296929545 0.37252235412597656 600
1781296929548 0.2656182050704956 601
1781296929552 0.23640130460262299 602
1781296929555 0.39858704805374146 603
1781296929559 0.40981194376945496 604
1781296929563 0.5738548636436462 605
1781296929566 0.4192485213279724 606
1781296929570 0.6339288353919983 607
1781296929573 0.17817337810993195 608
1781296929576 0.21293233335018158 609
1781296929580 0.23898820579051971 610
1781296929583 0.3979831635951996 611
1781296929587 0.3199893534183502 612
1781296929590 0.3181789517402649 613
1781296929594 0.2380354106426239 614
1781296929599 0.2699606120586395 615
1781296929602 0.29412969946861267 616
1781296929606 0.33143138885498047 617
1781296929609 0.22798532247543335 618
1781296929612 0.38520559668540955 619
1781296929616 0.34212151169776917 620
1781296929619 0.34375905990600586 621
1781296929622 0.17736566066741943 622
1781296929626 0.46194759011268616 623
1781296929629 0.4089721143245697 624
1781296929633 0.18430040776729584 625
1781296929640 0.38007423281669617 626
1781296929643 0.2754712700843811 627
1781296929647 0.42065688967704773 628
1781296929650 0.34934088587760925 629
1781296929653 0.4305609464645386 630
1781296929657 0.39774560928344727 631
1781296929660 0.17316876351833344 632
1781296929663 0.5235300064086914 633
1781296929667 0.29317519068717957 634
1781296929670 0.2661419212818146 635
1781296929673 0.28745731711387634 636
1781296929676 0.4135468006134033 637
1781296929679 0.12514269351959229 638
1781296929683 0.2071099430322647 639
1781296929686 0.26383504271507263 640
1781296929690 0.33577799797058105 641
1781296929693 0.2698717415332794 642
1781296929696 0.1533679962158203 643
1781296929699 0.19044654071331024 644
1781296929703 0.3555540442466736 645
1781296929707 0.23908406496047974 646
1781296929711 0.20039460062980652 647
1781296929714 0.252237468957901 648
1781296929717 0.3392792344093323 649
1781296929720 0.3687703311443329 650
1781296929724 0.5110531449317932 651
1781296929727 0.2494601011276245 652
1781296929730 0.2169136106967926 653
1781296929733 0.33511582016944885 654
1781296929736 0.3527165949344635 655
1781296929739 0.35843425989151 656
1781296929742 0.18329636752605438 657
1781296929745 0.1612676978111267 658
1781296929748 0.34133628010749817 659
1781296929752 0.16078831255435944 660
1781296929755 0.11310355365276337 661
1781296929758 0.36106786131858826 662
1781296929761 0.29181867837905884 663
1781296929765 0.34185683727264404 664
1781296929768 0.19324463605880737 665
1781296929771 0.3092822730541229 666
1781296929775 0.39444851875305176 667
1781296929781 0.450661838054657 668
1781296929784 0.38535284996032715 669
1781296929787 0.1616903692483902 670
1781296929790 0.1413746327161789 671
1781296929794 0.2718757688999176 672
1781296929797 0.2181941419839859 673
1781296929800 0.3055049777030945 674
1781296929803 0.3620651364326477 675
1781296929806 0.2791028320789337 676
1781296929809 0.16737262904644012 677
1781296929812 0.38980352878570557 678
1781296929816 0.23151443898677826 679
1781296929821 0.1755165010690689 680
1781296929826 0.20942994952201843 681
1781296929831 0.2524929344654083 682
1781296929835 0.5268859267234802 683
1781296929839 0.2573629915714264 684
1781296929843 0.3372780680656433 685
1781296929846 0.5048648118972778 686
1781296929850 0.23878024518489838 687
1781296929853 0.28402072191238403 688
1781296929864 0.2184402197599411 689
1781296929970 0.1926702857017517 690
1781296929974 0.4115423262119293 691
1781296929977 0.15738998353481293 692
1781296929980 0.22094020247459412 693
1781296929983 0.46064651012420654 694
1781296929986 0.24964074790477753 695
1781296929990 0.16360993683338165 696
1781296929993 0.3920424282550812 697
1781296929997 0.24618259072303772 698
1781296930000 0.39914119243621826 699
1781296930003 0.21408939361572266 700
1781296930006 0.22118321061134338 701
1781296930009 0.21313129365444183 702
1781296930012 0.35710370540618896 703
1781296930016 0.2479463368654251 704
1781296930020 0.2947143316268921 705
1781296930023 0.43702027201652527 706
1781296930027 0.24114882946014404 707
1781296930033 0.5429087281227112 708
1781296930037 0.2571617066860199 709
1781296930040 0.32521679997444153 710
1781296930044 0.330730676651001 711
1781296930047 0.15883396565914154 712
1781296930050 0.2745889127254486 713
1781296930054 0.3384324908256531 714
1781296930057 0.3129941523075104 715
1781296930060 0.2229427844285965 716
1781296930064 0.3107469975948334 717
1781296930067 0.5693835616111755 718
1781296930070 0.21022401750087738 719
1781296930074 0.3003215789794922 720
1781296930077 0.31918075680732727 721
1781296930080 0.2431201934814453 722
1781296930083 0.1517736166715622 723
1781296930086 0.34468844532966614 724
1781296930089 0.26708701252937317 725
1781296930093 0.3209228813648224 726
1781296930096 0.15146087110042572 727
1781296930099 0.1944180727005005 728
1781296930102 0.1605626493692398 729
1781296930109 0.2678776681423187 730
1781296930112 0.3411824703216553 731
1781296930116 0.3322109580039978 732
1781296930119 0.26160117983818054 733
1781296930122 0.16889820992946625 734
1781296930126 0.41290873289108276 735
1781296930129 0.3401035666465759 736
1781296930133 0.20126473903656006 737
1781296930136 0.23484189808368683 738
1781296930140 0.26469966769218445 739
1781296930143 0.36092397570610046 740
1781296930146 0.2944025993347168 741
1781296930150 0.281335711479187 742
1781296930153 0.12790033221244812 743
1781296930157 0.2893601953983307 744
1781296930160 0.3863605260848999 745
1781296930164 0.19101913273334503 746
1781296930167 0.41180962324142456 747
1781296930170 0.1925312578678131 748
1781296930174 0.2518855929374695 749
1781296930178 0.31927064061164856 750
1781296930181 0.15766878426074982 751
1781296930185 0.17181481420993805 752
1781296930188 0.20928888022899628 753
1781296930192 0.22663918137550354 754
1781296930196 0.10876395553350449 755
1781296930199 0.2577195465564728 756
1781296930203 0.31050747632980347 757
1781296930207 0.2677014172077179 758
1781296930211 0.1969728022813797 759
1781296930214 0.6040523052215576 760
1781296930218 0.19346460700035095 761
1781296930222 0.2610018253326416 762
1781296930228 0.17583811283111572 763
1781296930231 0.4598611891269684 764
1781296930235 0.17406997084617615 765
1781296930238 0.324815571308136 766
1781296930242 0.14368551969528198 767
1781296930245 0.3222093880176544 768
1781296930249 0.3309263586997986 769
1781296930252 0.33888012170791626 770
1781296930255 0.49951666593551636 771
1781296930259 0.22346727550029755 772
1781296930263 0.13777288794517517 773
1781296930267 0.2329615205526352 774
1781296930270 0.27213090658187866 775
1781296930274 0.13308165967464447 776
1781296930283 0.20817705988883972 777
1781296930287 0.520725667476654 778
1781296930290 0.18784774839878082 779
1781296930293 0.49627459049224854 780
1781296930296 0.1649523377418518 781
1781296930300 0.2506060004234314 782
1781296930303 0.33786362409591675 783
1781296930306 0.19839200377464294 784
1781296930309 0.5296798348426819 785
1781296930312 0.16914893686771393 786
1781296930317 0.2417682260274887 787
1781296930321 0.25721415877342224 788
1781296930324 0.1612469106912613 789
1781296930327 0.19293512403964996 790
1781296930331 0.18408052623271942 791
1781296930334 0.42012497782707214 792
1781296930337 0.3757767081260681 793
1781296930340 0.21476855874061584 794
1781296930344 0.26112961769104004 795
1781296930347 0.15206068754196167 796
1781296930350 0.3035086989402771 797
1781296930354 0.17467179894447327 798
1781296930357 0.3707159161567688 799
1781296930360 0.29978057742118835 800
1781296930364 0.3017926514148712 801
1781296930367 0.1947382092475891 802
1781296930370 0.4777965545654297 803
1781296930374 0.09552954882383347 804
1781296930377 0.3376830220222473 805
1781296930380 0.1497267633676529 806
1781296930384 0.1676030457019806 807
1781296930387 0.2521989047527313 808
1781296930390 0.09155978262424469 809
1781296930394 0.5064735412597656 810
1781296930397 0.1304287165403366 811
1781296930400 0.376937597990036 812
1781296930404 0.19081281125545502 813
1781296930407 0.1869836002588272 814
1781296930410 0.26917198300361633 815
1781296930413 0.18075446784496307 816
1781296930416 0.3169024586677551 817
1781296930419 0.3260840177536011 818
1781296930423 0.32328423857688904 819
1781296930426 0.22817553579807281 820
1781296930430 0.2668741047382355 821
1781296930433 0.33918097615242004 822
1781296930436 0.22698357701301575 823
1781296930440 0.18816319108009338 824
1781296930443 0.18984365463256836 825
1781296930447 0.09262107312679291 826
1781296930450 0.08440049737691879 827
1781296930453 0.27473750710487366 828
1781296930457 0.13809573650360107 829
1781296930461 0.34260156750679016 830
1781296930464 0.21828484535217285 831
1781296930467 0.24929673969745636 832
1781296930471 0.20148314535617828 833
1781296930477 0.22979596257209778 834
1781296930481 0.11228710412979126 835
1781296930484 0.2725960910320282 836
1781296930489 0.17824611067771912 837
1781296930492 0.19000978767871857 838
1781296930497 0.2246427834033966 839
1781296930500 0.3971050977706909 840
1781296930503 0.35558682680130005 841
1781296930509 0.15007725358009338 842
1781296930512 0.3168681263923645 843
1781296930515 0.30454081296920776 844
1781296930518 0.28332245349884033 845
1781296930521 0.1920575052499771 846
1781296930523 0.2469833642244339 847
1781296930525 0.2614356577396393 848
1781296930529 0.3023746609687805 849
1781296930531 0.16625618934631348 850
1781296930534 0.32484734058380127 851
1781296930537 0.2323082983493805 852
1781296930541 0.4107724726200104 853
1781296930543 0.13318440318107605 854
1781296930546 0.23674744367599487 855
1781296930550 0.07254176586866379 856
1781296930554 0.2973027527332306 857
1781296930556 0.24296210706233978 858
1781296930559 0.15225398540496826 859
1781296930562 0.2819333076477051 860
1781296930564 0.23354384303092957 861
1781296930567 0.14215072989463806 862
1781296930569 0.1600753217935562 863
1781296930574 0.10699489712715149 864
1781296930579 0.46857938170433044 865
1781296930582 0.2222113013267517 866
1781296930585 0.28743577003479004 867
1781296930588 0.634655773639679 868
1781296930590 0.3219155967235565 869
1781296930593 0.14775590598583221 870
1781296930596 0.15202391147613525 871
1781296930598 0.20658348500728607 872
1781296930601 0.2506970167160034 873
1781296930604 0.3652200698852539 874
1781296930606 0.16564062237739563 875
1781296930609 0.08283574879169464 876
1781296930611 0.239126518368721 877
1781296930613 0.2772878408432007 878
1781296930615 0.40002769231796265 879
1781296930618 0.22668519616127014 880
1781296930620 0.27571478486061096 881
1781296930622 0.21033848822116852 882
1781296930628 0.195405974984169 883
1781296930636 0.1903391033411026 884
1781296930671 0.3916071653366089 885
1781296930674 0.2130528837442398 886
1781296930677 0.22827862203121185 887
1781296930680 0.22205254435539246 888
1781296930682 0.2542968988418579 889
1781296930685 0.20540130138397217 890
1781296930687 0.11557287722826004 891
1781296930690 0.1722085177898407 892
1781296930693 0.1214781254529953 893
1781296930696 0.43247148394584656 894
1781296930699 0.16882480680942535 895
1781296930702 0.16188134253025055 896
1781296930704 0.3452014923095703 897
1781296930708 0.31619447469711304 898
1781296930712 0.15165072679519653 899
1781296930715 0.2439773678779602 900
1781296930718 0.23147174715995789 901
1781296930721 0.2715144455432892 902
1781296930724 0.2924960255622864 903
1781296930727 0.18065233528614044 904
1781296930730 0.3189607262611389 905
1781296930733 0.23756515979766846 906
1781296930736 0.4003766179084778 907
1781296930740 0.30852439999580383 908
1781296930743 0.2503035068511963 909
1781296930810 0.27892106771469116 910
1781296930813 0.3144945204257965 911
1781296930817 0.14799965918064117 912
1781296930823 0.3838706314563751 913
1781296930826 0.13183318078517914 914
1781296930830 0.0854925662279129 915
1781296930833 0.19924506545066833 916
1781296930838 0.3068394958972931 917
1781296930841 0.21212759613990784 918
1781296930844 0.2202358990907669 919
1781296930847 0.3726300299167633 920
1781296930850 0.2987242341041565 921
1781296930853 0.32139062881469727 922
1781296930856 0.21252979338169098 923
1781296930859 0.24651718139648438 924
1781296930862 0.302433580160141 925
1781296930866 0.13732248544692993 926
1781296930869 0.1772911697626114 927
1781296930872 0.2000007927417755 928
1781296930877 0.25656378269195557 929
1781296930881 0.2122761607170105 930
1781296930885 0.20178861916065216 931
1781296930889 0.24444130063056946 932
1781296930893 0.34087616205215454 933
1781296930900 0.09652310609817505 934
1781296930904 0.16643869876861572 935
1781296930908 0.32140299677848816 936
1781296931123 0.48598864674568176 937
1781296931127 0.1494072824716568 938
1781296931130 0.12128767371177673 939
1781296931134 0.24108922481536865 940
1781296931138 0.2659547030925751 941
1781296931142 0.391844242811203 942
1781296931147 0.22064320743083954 943
1781296931150 0.16684329509735107 944
1781296931154 0.16112461686134338 945
1781296931158 0.20030160248279572 946
1781296931162 0.31969353556632996 947
1781296931165 0.3194131553173065 948
1781296931169 0.14053426682949066 949
1781296931173 0.16245877742767334 950
1781296931177 0.1588750034570694 951
1781296931181 0.2771393954753876 952
1781296931184 0.19975396990776062 953
1781296931188 0.3736550509929657 954
1781296931192 0.28591519594192505 955
1781296931195 0.11354798823595047 956
1781296931199 0.2010519653558731 957
1781296931203 0.34048131108283997 958
1781296931207 0.2530909478664398 959
1781296931211 0.20364826917648315 960
1781296931215 0.09239647537469864 961
1781296931219 0.16609710454940796 962
1781296931223 0.2674807608127594 963
1781296931228 0.3116164803504944 964
1781296931232 0.23279042541980743 965
1781296931235 0.205922931432724 966
1781296931240 0.17415909469127655 967
1781296931245 0.20786553621292114 968
1781296931250 0.3459087312221527 969
1781296931255 0.10464158654212952 970
1781296931259 0.17915651202201843 971
1781296931264 0.18240392208099365 972
1781296931268 0.16132798790931702 973
1781296931272 0.21923516690731049 974
1781296931277 0.36279115080833435 975
1781296931282 0.18790408968925476 976
1781296931287 0.1482904553413391 977
1781296931291 0.18548515439033508 978
1781296931296 0.17265605926513672 979
1781296931300 0.1911265105009079 980
1781296931305 0.4837179183959961 981
1781296931309 0.23154035210609436 982
1781296931313 0.20686165988445282 983
1781296931319 0.4678652584552765 984
1781296931323 0.26923713088035583 985
1781296931326 0.21436932682991028 986
1781296931330 0.22980116307735443 987
1781296931335 0.36601752042770386 988
1781296931339 0.21965105831623077 989
1781296931343 0.24303746223449707 990
1781296931347 0.2231815606355667 991
1781296931351 0.5186409950256348 992
1781296931355 0.1262279450893402 993
1781296931358 0.09785425662994385 994
1781296931365 0.15827064216136932 995
1781296931370 0.2396051585674286 996
1781296931375 0.2365970015525818 997
1781296931379 0.24003228545188904 998
1781296931383 0.27358853816986084 999
1781296931388 0.24773450195789337 1000
1781296931392 0.16236497461795807 1001
1781296931396 0.12127864360809326 1002
1781296931402 0.18667981028556824 1003
1781296931407 0.19740475714206696 1004
1781296931411 0.32409530878067017 1005
1781296931415 0.13931888341903687 1006
1781296931420 0.1641138643026352 1007
1781296931424 0.11386647075414658 1008
1781296931429 0.1334623247385025 1009
1781296931433 0.25569602847099304 1010
1781296931439 0.19355230033397675 1011
1781296931444 0.10407395660877228 1012
1781296931448 0.25809362530708313 1013
1781296931452 0.18145149946212769 1014
1781296931458 0.24528251588344574 1015
1781296931463 0.29058384895324707 1016
1781296931467 0.12027808278799057 1017
1781296931471 0.16532742977142334 1018
1781296931478 0.21073931455612183 1019
1781296931483 0.37573349475860596 1020
1781296931489 0.1489427536725998 1021
1781296931493 0.1825309544801712 1022
1781296931497 0.1749267280101776 1023
1781296931501 0.30789706110954285 1024
1781296931505 0.33302342891693115 1025
1781296931510 0.17175696790218353 1026
1781296931514 0.1996733546257019 1027
1781296931518 0.22555974125862122 1028
1781296931522 0.20524555444717407 1029
1781296931527 0.2933759093284607 1030
1781296931531 0.0770832970738411 1031
1781296931535 0.28140488266944885 1032
1781296931539 0.1271737962961197 1033
1781296931543 0.2054787427186966 1034
1781296931548 0.1342363953590393 1035
1781296931554 0.3518456220626831 1036
1781296931558 0.2187492549419403 1037
1781296931562 0.22768983244895935 1038
1781296931569 0.1628943532705307 1039
1781296931573 0.18701425194740295 1040
1781296931577 0.24487312138080597 1041
1781296931581 0.19882752001285553 1042
1781296931585 0.27207624912261963 1043
1781296931589 0.11236778646707535 1044
1781296931593 0.3247140645980835 1045
1781296931598 0.17361848056316376 1046
1781296931603 0.1719922423362732 1047
1781296931607 0.18710318207740784 1048
1781296931611 0.30806341767311096 1049
1781296931615 0.1927391141653061 1050
1781296931621 0.35850459337234497 1051
1781296931627 0.21083031594753265 1052
1781296931631 0.18315039575099945 1053
1781296931635 0.18160639703273773 1054
1781296931639 0.15621840953826904 1055
1781296931643 0.2540818750858307 1056
1781296931647 0.3836596608161926 1057
1781296931651 0.12730537354946136 1058
1781296931655 0.12572632730007172 1059
1781296931659 0.3231762647628784 1060
1781296931663 0.21265223622322083 1061
1781296931669 0.3382467031478882 1062
1781296931673 0.23607119917869568 1063
1781296931678 0.136037677526474 1064
1781296931682 0.1721750646829605 1065
1781296931695 0.2674153745174408 1066
1781296931699 0.12551255524158478 1067
1781296931703 0.05986229330301285 1068
1781296931707 0.09170643240213394 1069
1781296931711 0.24898414313793182 1070
1781296931715 0.15536867082118988 1071
1781296931719 0.2929273843765259 1072
1781296931723 0.09155234694480896 1073
1781296931726 0.22567136585712433 1074
1781296931730 0.15425434708595276 1075
1781296931734 0.19336092472076416 1076
1781296931738 0.2532269060611725 1077
1781296931741 0.2591311037540436 1078
1781296931745 0.18907104432582855 1079
1781296931749 0.2376718670129776 1080
1781296931752 0.2609909772872925 1081
1781296931758 0.15984120965003967 1082
1781296931762 0.12961256504058838 1083
1781296931765 0.15473826229572296 1084
1781296931769 0.13258953392505646 1085
1781296931773 0.14890499413013458 1086
1781296931777 0.09178681671619415 1087
1781296931780 0.2003784030675888 1088
1781296931784 0.3932172954082489 1089
1781296931788 0.2983202636241913 1090
1781296931792 0.21870076656341553 1091
1781296931796 0.31695955991744995 1092
1781296931799 0.15938423573970795 1093
1781296931803 0.20928195118904114 1094
1781296931806 0.1822347790002823 1095
1781296931810 0.1810118854045868 1096
1781296931814 0.197539284825325 1097
1781296931818 0.15817734599113464 1098
1781296931821 0.24158908426761627 1099
1781296931826 0.29663628339767456 1100
1781296931830 0.09804248064756393 1101
1781296931834 0.12207295745611191 1102
1781296931837 0.1343689113855362 1103
1781296931841 0.19237342476844788 1104
1781296931845 0.1958211362361908 1105
1781296931849 0.4622684121131897 1106
1781296931853 0.19348378479480743 1107
1781296931856 0.16168397665023804 1108
1781296931860 0.21305152773857117 1109
1781296931864 0.0870874673128128 1110
1781296931868 0.3751349151134491 1111
1781296931872 0.14829640090465546 1112
1781296931876 0.28738296031951904 1113
1781296931880 0.13276101648807526 1114
1781296931884 0.10788080841302872 1115
1781296931888 0.2431238889694214 1116
1781296931892 0.28414610028266907 1117
1781296931895 0.2931891083717346 1118
1781296931900 0.10974925011396408 1119
1781296931903 0.3610079884529114 1120
1781296931907 0.23774802684783936 1121
1781296931911 0.26063621044158936 1122
1781296931915 0.08921489119529724 1123
1781296931918 0.08676952123641968 1124
1781296931923 0.25989586114883423 1125
1781296931929 0.17122410237789154 1126
1781296931932 0.2460954636335373 1127
1781296931936 0.1765775829553604 1128
1781296931940 0.15549762547016144 1129
1781296931944 0.039801035076379776 1130
1781296931947 0.19077321887016296 1131
1781296931951 0.12702737748622894 1132
1781296931955 0.08655742555856705 1133
1781296931958 0.365127831697464 1134
1781296931961 0.15743547677993774 1135
1781296931969 0.1730491667985916 1136
1781296931977 0.14666041731834412 1137
1781296931980 0.09846919775009155 1138
1781296931984 0.21201206743717194 1139
1781296931988 0.15189228951931 1140
1781296931992 0.26588574051856995 1141
1781296931997 0.17961393296718597 1142
1781296932000 0.08247552812099457 1143
1781296932003 0.15269429981708527 1144
1781296932006 0.14172706007957458 1145
1781296932008 0.27823296189308167 1146
1781296932011 0.09479214251041412 1147
1781296932014 0.23518316447734833 1148
1781296932017 0.19736447930335999 1149
1781296932020 0.19767846167087555 1150
1781296932023 0.3412091135978699 1151
1781296932026 0.393867164850235 1152
1781296932028 0.10549990087747574 1153
1781296932031 0.3395901620388031 1154
1781296932034 0.15783394873142242 1155
1781296932037 0.13038156926631927 1156
1781296932039 0.17096556723117828 1157
1781296932042 0.3096151351928711 1158
1781296932045 0.30222874879837036 1159
1781296932050 0.07884121686220169 1160
1781296932053 0.22718212008476257 1161
1781296932059 0.2968292236328125 1162
1781296932062 0.11633496731519699 1163
1781296932065 0.3216862976551056 1164
1781296932068 0.22035187482833862 1165
1781296932072 0.1391531527042389 1166
1781296932076 0.11513031274080276 1167
1781296932080 0.3027522563934326 1168
1781296932084 0.07235176861286163 1169
1781296932087 0.3176008462905884 1170
1781296932091 0.22372089326381683 1171
1781296932095 0.16941164433956146 1172
1781296932098 0.11934272199869156 1173
1781296932102 0.12305678427219391 1174
1781296932106 0.34706929326057434 1175
1781296932110 0.2364240139722824 1176
1781296932113 0.22818030416965485 1177
1781296932117 0.15202254056930542 1178
1781296932121 0.24241086840629578 1179
1781296932125 0.12874765694141388 1180
1781296932128 0.11466938257217407 1181
1781296932132 0.5227656364440918 1182
1781296932136 0.24452699720859528 1183
1781296932139 0.29480111598968506 1184
1781296932142 0.07456972450017929 1185
1781296932147 0.2003455013036728 1186
1781296932150 0.26693224906921387 1187
1781296932154 0.1904381811618805 1188
1781296932158 0.23985590040683746 1189
1781296932162 0.10982153564691544 1190
1781296932165 0.17123647034168243 1191
1781296932170 0.126017764210701 1192
1781296932177 0.23020628094673157 1193
1781296932182 0.36484891176223755 1194
1781296932186 0.19162480533123016 1195
1781296932189 0.11163535714149475 1196
1781296932193 0.1535930037498474 1197
1781296932197 0.27148592472076416 1198
1781296932200 0.256808876991272 1199
1781296932204 0.21641850471496582 1200
1781296932208 0.26944518089294434 1201
1781296932212 0.30881214141845703 1202
1781296932216 0.1837030053138733 1203
1781296932221 0.14719471335411072 1204
1781296932229 0.23166696727275848 1205
1781296932237 0.44475892186164856 1206
1781296932245 0.23828846216201782 1207
1781296932249 0.13041913509368896 1208
1781296932253 0.17872066795825958 1209
1781296932258 0.2422000616788864 1210
1781296932262 0.42910557985305786 1211
1781296932268 0.15891918540000916 1212
1781296932274 0.13744144141674042 1213
1781296932278 0.2358262985944748 1214
1781296932282 0.30706480145454407 1215
1781296932287 0.19363151490688324 1216
1781296932291 0.0883258730173111 1217
1781296932295 0.27795180678367615 1218
1781296932299 0.339836448431015 1219
1781296932303 0.21970021724700928 1220
1781296932307 0.23306956887245178 1221
1781296932312 0.15305431187152863 1222
1781296932318 0.27446043491363525 1223
1781296932322 0.19816559553146362 1224
1781296932327 0.15653082728385925 1225
1781296932331 0.14021222293376923 1226
1781296932335 0.35218340158462524 1227
1781296932340 0.3171982169151306 1228
1781296932344 0.2409074455499649 1229
1781296932348 0.14785398542881012 1230
1781296932352 0.2935696840286255 1231
1781296932357 0.1362207680940628 1232
1781296932361 0.24087052047252655 1233
1781296932365 0.21245169639587402 1234
1781296932369 0.16057619452476501 1235
1781296932374 0.28782588243484497 1236
1781296932378 0.2778230309486389 1237
1781296932382 0.14902864396572113 1238
1781296932392 0.298829048871994 1239
1781296932396 0.18005971610546112 1240
1781296932402 0.28817135095596313 1241
1781296932407 0.17947804927825928 1242
1781296932411 0.1900033950805664 1243
1781296932415 0.06713879853487015 1244
1781296932419 0.13913723826408386 1245
1781296932424 0.16848145425319672 1246
1781296932428 0.12604941427707672 1247
1781296932432 0.2132491022348404 1248
1781296932439 0.18673932552337646 1249
1781296932448 0.2134542465209961 1250
1781296932451 0.2495633065700531 1251
1781296932454 0.11457956582307816 1252
1781296932457 0.16224980354309082 1253
1781296932460 0.07943486422300339 1254
1781296932465 0.1370420753955841 1255
1781296932468 0.15668536722660065 1256
1781296932471 0.12948015332221985 1257
1781296932474 0.10115128010511398 1258
1781296932477 0.123494952917099 1259
1781296932480 0.21032766997814178 1260
1781296932484 0.23513087630271912 1261
1781296932495 0.38451486825942993 1262
1781296932499 0.31637394428253174 1263
1781296932502 0.31927165389060974 1264
1781296932505 0.11472524702548981 1265
1781296932508 0.27453988790512085 1266
1781296932512 0.2754226326942444 1267
1781296932528 0.1984945684671402 1268
1781296932532 0.24967887997627258 1269
1781296932536 0.2017311453819275 1270
1781296932539 0.2459312230348587 1271
1781296932542 0.23444640636444092 1272
1781296932545 0.11942567676305771 1273
1781296932548 0.1807417869567871 1274
1781296932551 0.21806606650352478 1275
1781296932554 0.07951769977807999 1276
1781296932557 0.20737014710903168 1277
1781296932560 0.3250710368156433 1278
1781296932563 0.08954916149377823 1279
1781296932566 0.21440234780311584 1280
1781296932569 0.23919905722141266 1281
1781296932572 0.3204675316810608 1282
1781296932575 0.25099849700927734 1283
1781296932578 0.21689963340759277 1284
1781296932581 0.3276688754558563 1285
1781296932584 0.2499939203262329 1286
1781296932587 0.2669501304626465 1287
1781296932590 0.07518618553876877 1288
1781296932593 0.23610328137874603 1289
1781296932596 0.09558551758527756 1290
1781296932599 0.21207915246486664 1291
1781296932601 0.19055037200450897 1292
1781296932604 0.14586962759494781 1293
1781296932607 0.2113547921180725 1294
1781296932611 0.17985330522060394 1295
1781296932614 0.09290709346532822 1296
1781296932617 0.14634118974208832 1297
1781296932620 0.25883305072784424 1298
1781296932623 0.33499646186828613 1299
1781296932626 0.11219041049480438 1300
1781296932629 0.1771029680967331 1301
1781296932631 0.1494981050491333 1302
1781296932634 0.1048029437661171 1303
1781296932637 0.08118443936109543 1304
1781296932640 0.2836902141571045 1305
1781296932646 0.25281208753585815 1306
1781296932651 0.17562253773212433 1307
1781296932654 0.3429362177848816 1308
1781296932658 0.15611177682876587 1309
1781296932661 0.2316083163022995 1310
1781296932664 0.10138076543807983 1311
1781296932667 0.26122987270355225 1312
1781296932670 0.13007932901382446 1313
1781296932673 0.1570241004228592 1314
1781296932676 0.34334370493888855 1315
1781296932679 0.19306161999702454 1316
1781296932682 0.20265278220176697 1317
1781296932685 0.2722274661064148 1318
1781296932688 0.2365346997976303 1319
1781296932691 0.17923137545585632 1320
1781296932694 0.1625102162361145 1321
1781296932697 0.19036929309368134 1322
1781296932701 0.11231548339128494 1323
1781296932706 0.15297947824001312 1324
1781296932709 0.09919507056474686 1325
1781296932712 0.217593714594841 1326
1781296932715 0.1565232127904892 1327
1781296932718 0.2650056481361389 1328
1781296932720 0.22519826889038086 1329
1781296932723 0.2971043288707733 1330
1781296932726 0.17766280472278595 1331
1781296932729 0.39539510011672974 1332
1781296932731 0.14358387887477875 1333
1781296932734 0.171190544962883 1334
1781296932737 0.11769835650920868 1335
1781296932740 0.08133123070001602 1336
1781296932743 0.042938776314258575 1337
1781296932745 0.2439446896314621 1338
1781296932748 0.2493537962436676 1339
1781296932751 0.37615272402763367 1340
1781296932754 0.16318249702453613 1341
1781296932756 0.2136516124010086 1342
1781296932759 0.057007040828466415 1343
1781296932763 0.16558246314525604 1344
1781296932765 0.19673079252243042 1345
1781296932768 0.35280728340148926 1346
1781296932771 0.18042801320552826 1347
1781296932774 0.2144271731376648 1348
1781296932778 0.2683742344379425 1349
1781296932781 0.23721885681152344 1350
1781296932784 0.17481665313243866 1351
1781296932787 0.15348830819129944 1352
1781296932790 0.1704569309949875 1353
1781296932793 0.2040148675441742 1354
1781296932796 0.15305832028388977 1355
1781296932800 0.1677175909280777 1356
1781296932803 0.3446935713291168 1357
1781296932806 0.16991275548934937 1358
1781296932809 0.17202170193195343 1359
1781296932812 0.192848339676857 1360
1781296932815 0.24106520414352417 1361
1781296932818 0.3933180272579193 1362
1781296932821 0.4139573574066162 1363
1781296932824 0.08774922043085098 1364
1781296932827 0.21342334151268005 1365
1781296932830 0.07744891196489334 1366
1781296932833 0.15038220584392548 1367
1781296932835 0.25316187739372253 1368
1781296932838 0.1672079861164093 1369
1781296932841 0.13891392946243286 1370
1781296932844 0.09461003541946411 1371
1781296932847 0.20753417909145355 1372
1781296932850 0.14213623106479645 1373
1781296932853 0.23884238302707672 1374
1781296932856 0.15589211881160736 1375
1781296932859 0.18455302715301514 1376
1781296932862 0.06090168282389641 1377
1781296932865 0.09301432222127914 1378
1781296932868 0.20198950171470642 1379
1781296932870 0.10363064706325531 1380
1781296932873 0.2759213447570801 1381
1781296932877 0.14738036692142487 1382
1781296932879 0.17738036811351776 1383
1781296932882 0.13054117560386658 1384
1781296932885 0.11945020407438278 1385
1781296932888 0.05848056823015213 1386
1781296932891 0.211778923869133 1387
1781296932895 0.2479235827922821 1388
1781296932898 0.13363251090049744 1389
1781296932901 0.09485643357038498 1390
1781296932904 0.3170382082462311 1391
1781296932907 0.1821655035018921 1392
1781296932910 0.20681361854076385 1393
1781296932913 0.17329396307468414 1394
1781296932916 0.15148130059242249 1395
1781296932919 0.0592951774597168 1396
1781296932922 0.29834333062171936 1397
1781296932925 0.30765387415885925 1398
1781296932928 0.23467323184013367 1399
1781296932931 0.15402382612228394 1400
1781296932934 0.25833606719970703 1401
1781296932937 0.26828593015670776 1402
1781296932940 0.4545289874076843 1403
1781296932943 0.26456597447395325 1404
1781296932948 0.13110166788101196 1405
1781296932953 0.15780043601989746 1406
1781296932956 0.35613518953323364 1407
1781296932959 0.1459590196609497 1408
1781296932962 0.28405672311782837 1409
1781296932965 0.30231618881225586 1410
1781296932967 0.18066121637821198 1411
1781296932970 0.28061580657958984 1412
1781296932973 0.15932787954807281 1413
1781296932976 0.23927372694015503 1414
1781296932979 0.05715670809149742 1415
1781296932982 0.2661958634853363 1416
1781296932985 0.13173481822013855 1417
1781296932988 0.17368073761463165 1418
1781296932991 0.29138821363449097 1419
1781296932994 0.07984531670808792 1420
1781296932997 0.19595903158187866 1421
1781296933000 0.2224287986755371 1422
1781296933003 0.24975931644439697 1423
1781296933007 0.12425696849822998 1424
1781296933010 0.14092795550823212 1425
1781296933012 0.0659903734922409 1426
1781296933015 0.19858874380588531 1427
1781296933018 0.21172498166561127 1428
1781296933021 0.11963813006877899 1429
1781296933024 0.26703548431396484 1430
1781296933027 0.15472398698329926 1431
1781296933030 0.21546778082847595 1432
1781296933033 0.15505515038967133 1433
1781296933036 0.11823718994855881 1434
1781296933039 0.5037224888801575 1435
1781296933041 0.1479368954896927 1436
1781296933045 0.12299428135156631 1437
1781296933047 0.1460026204586029 1438
1781296933050 0.1174621656537056 1439
1781296933053 0.09441674500703812 1440
1781296933056 0.14135751128196716 1441
1781296933059 0.16140331327915192 1442
1781296933062 0.0716981291770935 1443
1781296933065 0.16563883423805237 1444
1781296933067 0.20038558542728424 1445
1781296933070 0.17750294506549835 1446
1781296933073 0.20885437726974487 1447
1781296933076 0.2768041789531708 1448
1781296933079 0.2662522494792938 1449
1781296933082 0.15230004489421844 1450
1781296933085 0.28646841645240784 1451
1781296933087 0.2337741106748581 1452
1781296933090 0.35899269580841064 1453
1781296933093 0.20392397046089172 1454
1781296933096 0.12501290440559387 1455
1781296933099 0.18138732016086578 1456
1781296933102 0.17867137491703033 1457
1781296933105 0.1513795107603073 1458
1781296933107 0.1505105048418045 1459
1781296933110 0.2906738817691803 1460
1781296933113 0.146099254488945 1461
1781296933116 0.061248328536748886 1462
1781296933119 0.0709952563047409 1463
1781296933122 0.07209192216396332 1464
1781296933124 0.30663400888442993 1465
1781296933127 0.09799130260944366 1466
1781296933130 0.15570013225078583 1467
1781296933133 0.16843806207180023 1468
1781296933136 0.2121758610010147 1469
1781296933139 0.2638803720474243 1470
1781296933142 0.1739596277475357 1471
1781296933144 0.125468447804451 1472
1781296933147 0.1992662400007248 1473
1781296933150 0.21575094759464264 1474
1781296933153 0.1687822937965393 1475
1781296933156 0.2576984465122223 1476
1781296933159 0.12271836400032043 1477
1781296933163 0.1750815063714981 1478
1781296933166 0.20173144340515137 1479
1781296933169 0.1693246066570282 1480
1781296933171 0.15723595023155212 1481
1781296933174 0.08324684202671051 1482
1781296933177 0.23306356370449066 1483
1781296933180 0.142955020070076 1484
1781296933183 0.09976784139871597 1485
1781296933186 0.28975909948349 1486
1781296933189 0.11713911592960358 1487
1781296933191 0.08203306794166565 1488
1781296933194 0.21462970972061157 1489
1781296933197 0.16442011296749115 1490
1781296933200 0.13532567024230957 1491
1781296933203 0.10193526744842529 1492
1781296933206 0.189102441072464 1493
1781296933208 0.13798417150974274 1494
1781296933211 0.26370587944984436 1495
1781296933214 0.18768291175365448 1496
1781296933217 0.0608200877904892 1497
1781296933220 0.05152234435081482 1498
1781296933223 0.24373503029346466 1499
1781296933225 0.12967954576015472 1500
1781296933228 0.24978624284267426 1501
1781296933231 0.21547479927539825 1502
1781296933234 0.2473180741071701 1503
1781296933237 0.2857126295566559 1504
1781296933239 0.1622086763381958 1505
1781296933242 0.19752980768680573 1506
1781296933245 0.222737655043602 1507
1781296933248 0.6303725838661194 1508
1781296933251 0.2048964947462082 1509
1781296933253 0.18073882162570953 1510
1781296933256 0.22060057520866394 1511
1781296933259 0.20267066359519958 1512
1781296933262 0.2594355046749115 1513
1781296933265 0.0556032769382 1514
1781296933268 0.11566291749477386 1515
1781296933271 0.20642730593681335 1516
1781296933273 0.23903760313987732 1517
1781296933276 0.10878333449363708 1518
1781296933279 0.48991990089416504 1519
1781296933282 0.24440908432006836 1520
1781296933285 0.0986735001206398 1521
1781296933287 0.22330893576145172 1522
1781296933291 0.22159452736377716 1523
1781296933294 0.14973831176757812 1524
1781296933299 0.17853891849517822 1525
1781296933303 0.13417918980121613 1526
1781296933306 0.0621035173535347 1527
1781296933310 0.08750371634960175 1528
1781296933313 0.19526325166225433 1529
1781296933317 0.16968359053134918 1530
1781296933320 0.20690713822841644 1531
1781296933323 0.2835402190685272 1532
1781296933326 0.15766622126102448 1533
1781296933329 0.173761785030365 1534
1781296933335 0.09035363048315048 1535
1781296933340 0.20100033283233643 1536
1781296933344 0.049458861351013184 1537
1781296933348 0.241162970662117 1538
1781296933352 0.17602548003196716 1539
1781296933355 0.1175975427031517 1540
1781296933359 0.2161581814289093 1541
1781296933363 0.174106165766716 1542
1781296933368 0.18259753286838531 1543
1781296933372 0.24707485735416412 1544
1781296933377 0.08913031220436096 1545
1781296933381 0.0472930483520031 1546
1781296933386 0.3109983503818512 1547
1781296933390 0.14310574531555176 1548
1781296933393 0.21980464458465576 1549
1781296933397 0.22079651057720184 1550
1781296933401 0.24998179078102112 1551
1781296933407 0.30296266078948975 1552
1781296933411 0.14814665913581848 1553
1781296933417 0.12948621809482574 1554
1781296933421 0.11842769384384155 1555
1781296933426 0.07958269864320755 1556
1781296933429 0.2053191363811493 1557
1781296933432 0.07592907547950745 1558
1781296933436 0.16926388442516327 1559
1781296933439 0.1557241976261139 1560
1781296933443 0.1808076649904251 1561
1781296933447 0.08176273852586746 1562
1781296933452 0.08583863079547882 1563
1781296933456 0.07802680134773254 1564
1781296933460 0.1896754950284958 1565
1781296933464 0.12241833657026291 1566
1781296933469 0.2246030569076538 1567
1781296933472 0.22914564609527588 1568
1781296933478 0.25295326113700867 1569
1781296933482 0.20027470588684082 1570
1781296933487 0.2756088078022003 1571
1781296933491 0.17684265971183777 1572
1781296933495 0.12255691736936569 1573
1781296933499 0.30531296133995056 1574
1781296933505 0.09853477030992508 1575
1781296933510 0.1760013997554779 1576
1781296933514 0.2833508849143982 1577
1781296933518 0.1621546745300293 1578
1781296933524 0.1765749603509903 1579
1781296933528 0.11958346515893936 1580
1781296933533 0.36326834559440613 1581
1781296933537 0.06533893942832947 1582
1781296933540 0.17335247993469238 1583
1781296933545 0.2154044806957245 1584
1781296933549 0.09466945379972458 1585
1781296933554 0.16770020127296448 1586
1781296933558 0.1913762092590332 1587
1781296933562 0.12413366883993149 1588
1781296933567 0.11034039407968521 1589
1781296933570 0.13596586883068085 1590
1781296933575 0.1387520730495453 1591
1781296933580 0.22077205777168274 1592
1781296933585 0.0670790821313858 1593
1781296933589 0.1385951191186905 1594
1781296933592 0.10630057007074356 1595
1781296933596 0.1500440239906311 1596
1781296933600 0.0931200310587883 1597
1781296933603 0.11112643778324127 1598
1781296933606 0.0983365923166275 1599
1781296933611 0.13551269471645355 1600
1781296933616 0.18867598474025726 1601
1781296933620 0.20460666716098785 1602
1781296933625 0.161931574344635 1603
1781296933629 0.17905789613723755 1604
1781296933632 0.13921679556369781 1605
1781296933636 0.29190805554389954 1606
1781296933639 0.2517068088054657 1607
1781296933643 0.05296311900019646 1608
1781296933647 0.1424299031496048 1609
1781296933662 0.07401139289140701 1610
1781296933667 0.17670004069805145 1611
1781296933670 0.1228911429643631 1612
1781296933673 0.16333363950252533 1613
1781296933676 0.23847366869449615 1614
1781296933679 0.3867206275463104 1615
1781296933691 0.1453259140253067 1616
1781296933695 0.1965743750333786 1617
1781296933698 0.2036982774734497 1618
1781296933701 0.23593424260616302 1619
1781296933704 0.30244681239128113 1620
1781296933708 0.10677851736545563 1621
1781296933711 0.2911553680896759 1622
1781296933714 0.17930826544761658 1623
1781296933717 0.3323705196380615 1624
1781296933721 0.14968864619731903 1625
1781296933724 0.13312996923923492 1626
1781296933727 0.2695675790309906 1627
1781296933730 0.06450174003839493 1628
1781296933733 0.16502486169338226 1629
1781296933738 0.1494104564189911 1630
1781296933742 0.0665893703699112 1631
1781296933745 0.22905820608139038 1632
1781296933748 0.11295650899410248 1633
1781296933751 0.12666651606559753 1634
1781296933754 0.21964146196842194 1635
1781296933758 0.12328993529081345 1636
1781296933761 0.1838654726743698 1637
1781296933764 0.1737142652273178 1638
1781296933766 0.058487534523010254 1639
1781296933770 0.1849752515554428 1640
1781296933773 0.16402649879455566 1641
1781296933776 0.1369381695985794 1642
1781296933779 0.20968252420425415 1643
1781296933782 0.10644543170928955 1644
1781296933785 0.21817971765995026 1645
1781296933788 0.34278562664985657 1646
1781296933792 0.10342895239591599 1647
1781296933795 0.08046698570251465 1648
1781296933798 0.2398146539926529 1649
1781296933801 0.05071823671460152 1650
1781296933804 0.1428092122077942 1651
1781296933807 0.062329091131687164 1652
1781296933810 0.1802356094121933 1653
1781296933813 0.1424400508403778 1654
1781296933816 0.24018000066280365 1655
1781296933819 0.13628047704696655 1656
1781296933822 0.13493742048740387 1657
1781296933826 0.14648494124412537 1658
1781296933829 0.07908350974321365 1659
1781296933832 0.26132336258888245 1660
1781296933835 0.08131249248981476 1661
1781296933838 0.1317145675420761 1662
1781296933842 0.3821521997451782 1663
1781296933845 0.5577725768089294 1664
1781296933848 0.10486815124750137 1665
1781296933851 0.13180889189243317 1666
1781296933855 0.16754700243473053 1667
1781296933858 0.159249946475029 1668
1781296933861 0.2551053762435913 1669
1781296933864 0.07595624774694443 1670
1781296933868 0.10193628817796707 1671
1781296933871 0.13593141734600067 1672
1781296933874 0.2739476263523102 1673
1781296933877 0.06973488628864288 1674
1781296933881 0.27239975333213806 1675
1781296933884 0.21053262054920197 1676
1781296933887 0.14458319544792175 1677
1781296933890 0.19615192711353302 1678
1781296933893 0.08251205086708069 1679
1781296933897 0.28492069244384766 1680
1781296933900 0.13155093789100647 1681
1781296933903 0.0885586366057396 1682
1781296933906 0.10567536950111389 1683
1781296933909 0.1318272054195404 1684
1781296933913 0.2005579024553299 1685
1781296933916 0.05210689827799797 1686
1781296933919 0.1938559114933014 1687
1781296933922 0.09476836770772934 1688
1781296933925 0.041450027376413345 1689
1781296933928 0.23925843834877014 1690
1781296933931 0.08543495088815689 1691
1781296933934 0.055467430502176285 1692
1781296933937 0.227131649851799 1693
1781296933940 0.07736658304929733 1694
1781296933943 0.23134876787662506 1695
1781296933947 0.2623326778411865 1696
1781296933950 0.09990531206130981 1697
1781296933953 0.2164515256881714 1698
1781296933956 0.08572908490896225 1699
1781296933960 0.10311812907457352 1700
1781296933964 0.11843880265951157 1701
1781296933967 0.1567540019750595 1702
1781296933970 0.09303523600101471 1703
1781296933973 0.1807018667459488 1704
1781296933976 0.10714030265808105 1705
1781296933979 0.11401252448558807 1706
1781296933982 0.3724242150783539 1707
1781296933985 0.2060856819152832 1708
1781296933988 0.13283762335777283 1709
1781296933991 0.09619852900505066 1710
1781296933995 0.09709249436855316 1711
1781296933998 0.05708364024758339 1712
1781296934001 0.13757216930389404 1713
1781296934003 0.19105663895606995 1714
1781296934007 0.104944609105587 1715
1781296934010 0.20727495849132538 1716
1781296934013 0.05852571874856949 1717
1781296934016 0.09685545414686203 1718
1781296934021 0.30295684933662415 1719
1781296934024 0.1734224110841751 1720
1781296934027 0.12142200022935867 1721
1781296934030 0.1380677968263626 1722
1781296934033 0.12174758315086365 1723
1781296934036 0.08327344805002213 1724
1781296934039 0.13435521721839905 1725
1781296934043 0.1443427950143814 1726
1781296934046 0.09960202127695084 1727
1781296934050 0.177750825881958 1728
1781296934053 0.18874137103557587 1729
1781296934056 0.2591967284679413 1730
1781296934059 0.2586999833583832 1731
1781296934062 0.2684270441532135 1732
1781296934065 0.19842100143432617 1733
1781296934068 0.22374571859836578 1734
1781296934071 0.24637465178966522 1735
1781296934074 0.23238591849803925 1736
1781296934077 0.07995884120464325 1737
1781296934080 0.11822610348463058 1738
1781296934083 0.0825478583574295 1739
1781296934086 0.05561226233839989 1740
1781296934089 0.15033170580863953 1741
1781296934092 0.18724733591079712 1742
1781296934095 0.11031780391931534 1743
1781296934098 0.17679810523986816 1744
1781296934101 0.08808009326457977 1745
1781296934103 0.07263696938753128 1746
1781296934107 0.16207928955554962 1747
1781296934111 0.23726487159729004 1748
1781296934114 0.32300102710723877 1749
1781296934116 0.20384283363819122 1750
1781296934119 0.08317837864160538 1751
1781296934122 0.13562528789043427 1752
1781296934125 0.10739711672067642 1753
1781296934128 0.21647535264492035 1754
1781296934131 0.208739772439003 1755
1781296934134 0.05938323587179184 1756
1781296934137 0.14729107916355133 1757
1781296934140 0.15750175714492798 1758
1781296934144 0.12843263149261475 1759
1781296934147 0.13276797533035278 1760
1781296934150 0.1712135523557663 1761
1781296934153 0.22646497189998627 1762
1781296934156 0.09801055490970612 1763
1781296934160 0.12405730038881302 1764
1781296934167 0.04793207719922066 1765
1781296934174 0.10127195715904236 1766
1781296934177 0.0969817265868187 1767
1781296934180 0.2577882409095764 1768
1781296934183 0.2015574723482132 1769
1781296934186 0.3231862485408783 1770
1781296934189 0.10921069234609604 1771
1781296934193 0.37728989124298096 1772
1781296934196 0.26130375266075134 1773
1781296934199 0.09517710655927658 1774
1781296934202 0.15568943321704865 1775
1781296934205 0.15118205547332764 1776
1781296934209 0.2068864405155182 1777
1781296934212 0.07288973778486252 1778
1781296934215 0.1761598289012909 1779
1781296934219 0.1964261829853058 1780
1781296934222 0.1840452253818512 1781
1781296934225 0.178569957613945 1782
1781296934229 0.11300019174814224 1783
1781296934232 0.18442925810813904 1784
1781296934235 0.23263110220432281 1785
1781296934240 0.2513542175292969 1786
1781296934243 0.2240217626094818 1787
1781296934246 0.21851715445518494 1788
1781296934250 0.0616617426276207 1789
1781296934253 0.11682648211717606 1790
1781296934256 0.15780998766422272 1791
1781296934259 0.11055677384138107 1792
1781296934262 0.09656765311956406 1793
1781296934265 0.09977250546216965 1794
1781296934268 0.1879911869764328 1795
1781296934272 0.07854752242565155 1796
1781296934275 0.10544374585151672 1797
1781296934278 0.3372470736503601 1798
1781296934281 0.19465447962284088 1799
1781296934284 0.07560276240110397 1800
1781296934287 0.166839137673378 1801
1781296934292 0.07476845383644104 1802
1781296934299 0.14811526238918304 1803
1781296934303 0.12293980270624161 1804
1781296934306 0.16182386875152588 1805
1781296934309 0.05469367653131485 1806
1781296934312 0.2971500754356384 1807
1781296934315 0.15194827318191528 1808
1781296934318 0.4807523787021637 1809
1781296934321 0.07575786858797073 1810
1781296934324 0.3091278374195099 1811
1781296934327 0.2171960473060608 1812
1781296934330 0.09073007851839066 1813
1781296934333 0.24835288524627686 1814
1781296934336 0.06661327928304672 1815
1781296934339 0.1558961123228073 1816
1781296934342 0.1343570500612259 1817
1781296934347 0.3004731833934784 1818
1781296934350 0.036559879779815674 1819
1781296934353 0.172948956489563 1820
1781296934356 0.2870328426361084 1821
1781296934361 0.14610353112220764 1822
1781296934365 0.16170667111873627 1823
1781296934368 0.1671283096075058 1824
1781296934372 0.22366759181022644 1825
1781296934375 0.18650634586811066 1826
1781296934378 0.2163415104150772 1827
1781296934381 0.07635597884654999 1828
1781296934384 0.2114417403936386 1829
1781296934387 0.1265750229358673 1830
1781296934390 0.15614594519138336 1831
1781296934393 0.03071635030210018 1832
1781296934396 0.5049912929534912 1833
1781296934399 0.09783949702978134 1834
1781296934402 0.13254423439502716 1835
1781296934405 0.15280376374721527 1836
1781296934408 0.13510963320732117 1837
1781296934412 0.11325060576200485 1838
1781296934415 0.10458424687385559 1839
1781296934418 0.46651703119277954 1840
1781296934421 0.15778295695781708 1841
1781296934425 0.2606380581855774 1842
1781296934428 0.19202376902103424 1843
1781296934431 0.09219509363174438 1844
1781296934434 0.22704659402370453 1845
1781296934437 0.2327067106962204 1846
1781296934440 0.26917901635169983 1847
1781296934442 0.04224337264895439 1848
1781296934446 0.15954385697841644 1849
1781296934449 0.17059844732284546 1850
1781296934452 0.1436428278684616 1851
1781296934455 0.14081715047359467 1852
1781296934458 0.1467660665512085 1853
1781296934463 0.17343740165233612 1854
1781296934466 0.29216986894607544 1855
1781296934469 0.0898272693157196 1856
1781296934472 0.2086675763130188 1857
1781296934475 0.22360444068908691 1858
1781296934478 0.08526983857154846 1859
1781296934482 0.16644641757011414 1860
1781296934485 0.08367756754159927 1861
1781296934488 0.06764262169599533 1862
1781296934491 0.2500278353691101 1863
1781296934493 0.2294321358203888 1864
1781296934496 0.0662478655576706 1865
1781296934499 0.17555654048919678 1866
1781296934502 0.13333970308303833 1867
1781296934505 0.23673716187477112 1868
1781296934508 0.15790744125843048 1869
1781296934512 0.18415473401546478 1870
1781296934515 0.30647310614585876 1871
1781296934517 0.22748957574367523 1872
1781296934521 0.16490592062473297 1873
1781296934763 0.09484921395778656 1874
1781296934766 0.10728727281093597 1875
1781296934770 0.12303254008293152 1876
1781296934773 0.1531265676021576 1877
1781296934777 0.2249259203672409 1878
1781296934783 0.09225714951753616 1879
1781296934786 0.21602363884449005 1880
1781296934789 0.1934681236743927 1881
1781296934792 0.25911712646484375 1882
1781296934796 0.129652738571167 1883
1781296934799 0.06775549054145813 1884
1781296934803 0.335177481174469 1885
1781296934806 0.14268754422664642 1886
1781296934809 0.20211727917194366 1887
1781296934812 0.1171811893582344 1888
1781296934816 0.24006782472133636 1889
1781296934819 0.10819486528635025 1890
1781296934822 0.3517959713935852 1891
1781296934829 0.08475538343191147 1892
1781296934832 0.2776804566383362 1893
1781296934835 0.24924682080745697 1894
1781296934838 0.1340821534395218 1895
1781296934841 0.0874861478805542 1896
1781296934845 0.0909123495221138 1897
1781296934848 0.1842033714056015 1898
1781296934851 0.13002458214759827 1899
1781296934854 0.10057777166366577 1900
1781296934857 0.16059386730194092 1901
1781296934860 0.1727140247821808 1902
1781296934863 0.177157923579216 1903
1781296934866 0.13670092821121216 1904
1781296934869 0.07685938477516174 1905
1781296934872 0.11919233947992325 1906
1781296934875 0.24725838005542755 1907
1781296934878 0.09961795061826706 1908
1781296934881 0.2549036145210266 1909
1781296934884 0.261394202709198 1910
1781296934887 0.21086783707141876 1911
1781296934890 0.14512500166893005 1912
1781296934893 0.1804271936416626 1913
1781296934896 0.06455174833536148 1914
1781296934900 0.32587510347366333 1915
1781296934903 0.2687346041202545 1916
1781296934907 0.162978395819664 1917
1781296934910 0.16307255625724792 1918
1781296934913 0.07689967751502991 1919
1781296934916 0.07321657985448837 1920
1781296934919 0.22682201862335205 1921
1781296934923 0.23295369744300842 1922
1781296934926 0.12394779920578003 1923
1781296934929 0.24432888627052307 1924
1781296934935 0.1142706573009491 1925
1781296934938 0.12873169779777527 1926
1781296934942 0.09407295286655426 1927
1781296934947 0.1063525378704071 1928
1781296934952 0.2634510397911072 1929
1781296934955 0.09587682038545609 1930
1781296934959 0.29381829500198364 1931
1781296934962 0.10863519459962845 1932
1781296934966 0.16997575759887695 1933
1781296934970 0.03666040301322937 1934
1781296934973 0.23091398179531097 1935
1781296934978 0.19080311059951782 1936
1781296934982 0.12551511824131012 1937
1781296934985 0.12341749668121338 1938
1781296934988 0.08113302290439606 1939
1781296934991 0.2596331238746643 1940
1781296934994 0.10594576597213745 1941
1781296934998 0.07185854017734528 1942
1781296935004 0.048651207238435745 1943
1781296935008 0.14273685216903687 1944
1781296935012 0.15690065920352936 1945
1781296935019 0.12906962633132935 1946
1781296935023 0.06186055764555931 1947
1781296935027 0.07037220895290375 1948
1781296935030 0.09279419481754303 1949
1781296935033 0.05862890183925629 1950
1781296935037 0.12768283486366272 1951
1781296935040 0.09327774494886398 1952
1781296935043 0.062094107270240784 1953
1781296935047 0.05331121385097504 1954
1781296935050 0.20306694507598877 1955
1781296935054 0.30017387866973877 1956
1781296935058 0.10807958990335464 1957
1781296935064 0.22078685462474823 1958
1781296935068 0.10209528356790543 1959
1781296935071 0.16275417804718018 1960
1781296935077 0.04222836717963219 1961
1781296935081 0.16772860288619995 1962
1781296935084 0.26594021916389465 1963
1781296935087 0.22568279504776 1964
1781296935090 0.08548887073993683 1965
1781296935094 0.14799711108207703 1966
1781296935097 0.14919553697109222 1967
1781296935100 0.15499721467494965 1968
1781296935103 0.06756103783845901 1969
1781296935106 0.15144458413124084 1970
1781296935109 0.3655603528022766 1971
1781296935113 0.04246958717703819 1972
1781296935116 0.20958161354064941 1973
1781296935119 0.14528146386146545 1974
1781296935122 0.10719308257102966 1975
1781296935126 0.08870125561952591 1976
1781296935131 0.17455726861953735 1977
1781296935134 0.10813058167695999 1978
1781296935137 0.22467230260372162 1979
1781296935140 0.10990773886442184 1980
1781296935145 0.11606152355670929 1981
1781296935150 0.24599069356918335 1982
1781296935153 0.17572656273841858 1983
1781296935157 0.11571058630943298 1984
1781296935160 0.05826900526881218 1985
1781296935163 0.13456103205680847 1986
1781296935166 0.16471850872039795 1987
1781296935169 0.23068150877952576 1988
1781296935173 0.1426110714673996 1989
1781296935176 0.08310063183307648 1990
1781296935179 0.2975417971611023 1991
1781296935182 0.06287845224142075 1992
1781296935186 0.06607047468423843 1993
1781296935190 0.04606141149997711 1994
1781296935193 0.27563348412513733 1995
1781296935197 0.3438001871109009 1996
1781296935200 0.1103605404496193 1997
1781296935204 0.1597193032503128 1998
1781296935207 0.11128903925418854 1999
1781296935210 0.10520274192094803 2000
1781296935213 0.11214812844991684 2001
1781296935216 0.14397375285625458 2002
1781296935219 0.07679817825555801 2003
1781296935222 0.1812036633491516 2004
1781296935226 0.12393052130937576 2005
1781296935231 0.23649434745311737 2006
1781296935235 0.07511109113693237 2007
1781296935238 0.14306651055812836 2008
1781296935241 0.0748131200671196 2009
1781296935244 0.15630750358104706 2010
1781296935248 0.10579580813646317 2011
1781296935251 0.13477367162704468 2012
1781296935254 0.054750896990299225 2013
1781296935258 0.10684474557638168 2014
1781296935261 0.1462591588497162 2015
1781296935264 0.07750906050205231 2016
1781296935267 0.1845780909061432 2017
1781296935270 0.1584804356098175 2018
1781296935273 0.06260816752910614 2019
1781296935276 0.09171958267688751 2020
1781296935280 0.11040914058685303 2021
1781296935283 0.06526932865381241 2022
1781296935286 0.2369442582130432 2023
1781296935289 0.03433947265148163 2024
1781296935292 0.36041852831840515 2025
1781296935295 0.12037134170532227 2026
1781296935298 0.11194130033254623 2027
1781296935302 0.05920468270778656 2028
1781296935305 0.12226931750774384 2029
1781296935308 0.07893388718366623 2030
1781296935311 0.23752303421497345 2031
1781296935314 0.10529214888811111 2032
1781296935317 0.08733013272285461 2033
1781296935320 0.10359000414609909 2034
1781296935323 0.14588798582553864 2035
1781296935328 0.0972999706864357 2036
1781296935332 0.18051758408546448 2037
1781296935335 0.17551732063293457 2038
1781296935338 0.15450364351272583 2039
1781296935343 0.1184583380818367 2040
1781296935352 0.03159458562731743 2041
1781296935359 0.05607273429632187 2042
1781296935364 0.2138076275587082 2043
1781296935367 0.10168613493442535 2044
1781296935372 0.08593659847974777 2045
1781296935378 0.12696734070777893 2046
1781296935381 0.20465411245822906 2047
1781296935384 0.15160228312015533 2048
1781296935387 0.11224847286939621 2049
1781296935390 0.13616986572742462 2050
1781296935393 0.03920368105173111 2051
1781296935397 0.13515295088291168 2052
1781296935400 0.07907288521528244 2053
1781296935403 0.246857687830925 2054
1781296935406 0.2301311045885086 2055
1781296935412 0.21875441074371338 2056
1781296935416 0.29457467794418335 2057
1781296935420 0.17281809449195862 2058
1781296935423 0.15943479537963867 2059
1781296935427 0.09972263872623444 2060
1781296935431 0.11609221249818802 2061
1781296935434 0.07393678277730942 2062
1781296935438 0.19923155009746552 2063
1781296935442 0.027224509045481682 2064
1781296935446 0.17548491060733795 2065
1781296935450 0.25525742769241333 2066
1781296935454 0.11485745012760162 2067
1781296935458 0.09454254806041718 2068
1781296935462 0.3796204626560211 2069
1781296935466 0.16997738182544708 2070
1781296935469 0.1353311687707901 2071
1781296935473 0.1019560694694519 2072
1781296935477 0.27592387795448303 2073
1781296935481 0.13236869871616364 2074
1781296935486 0.21465249359607697 2075
1781296935489 0.12653402984142303 2076
1781296935494 0.08611145615577698 2077
1781296935498 0.10039432346820831 2078
1781296935501 0.10462644696235657 2079
1781296935505 0.33185938000679016 2080
1781296935509 0.2615240216255188 2081
1781296935513 0.284286230802536 2082
1781296935516 0.14127323031425476 2083
1781296935520 0.2576085329055786 2084
1781296935524 0.09765984863042831 2085
1781296935528 0.11857660114765167 2086
1781296935531 0.0642305240035057 2087
1781296935535 0.11944368481636047 2088
1781296935539 0.18626166880130768 2089
1781296935542 0.3626210689544678 2090
1781296935546 0.12781479954719543 2091
1781296935550 0.18232320249080658 2092
1781296935554 0.23171207308769226 2093
1781296935561 0.14191554486751556 2094
1781296935565 0.07107126712799072 2095
1781296935568 0.15522369742393494 2096
1781296935572 0.12006722390651703 2097
1781296935576 0.2392200082540512 2098
1781296935580 0.0732402503490448 2099
1781296935584 0.08406611531972885 2100
1781296935588 0.04009323567152023 2101
1781296935592 0.12410794198513031 2102
1781296935596 0.28540343046188354 2103
1781296935600 0.11441565304994583 2104
1781296935603 0.09939121454954147 2105
1781296935607 0.03467264398932457 2106
1781296935611 0.07501449435949326 2107
1781296935615 0.08941330760717392 2108
1781296935618 0.0706830769777298 2109
1781296935622 0.09210565686225891 2110
1781296935628 0.15815579891204834 2111
1781296935632 0.05859944596886635 2112
1781296935636 0.22297385334968567 2113
1781296935640 0.10970698297023773 2114
1781296935644 0.20413199067115784 2115
1781296935648 0.46195748448371887 2116
1781296935652 0.09587669372558594 2117
1781296935655 0.11529099196195602 2118
1781296935659 0.1510026752948761 2119
1781296935663 0.04492928460240364 2120
1781296935667 0.13464713096618652 2121
1781296935670 0.18224571645259857 2122
1781296935674 0.2267356812953949 2123
1781296935678 0.05418180674314499 2124
1781296935681 0.09776385128498077 2125
1781296935685 0.11724410951137543 2126
1781296935689 0.11440098285675049 2127
1781296935692 0.1185072585940361 2128
1781296935696 0.11737515777349472 2129
1781296935700 0.24864746630191803 2130
1781296935704 0.13810645043849945 2131
1781296935707 0.1209402084350586 2132
1781296935711 0.15475869178771973 2133
1781296935715 0.1071498766541481 2134
1781296935722 0.08265724033117294 2135
1781296935730 0.18143734335899353 2136
1781296935737 0.2763747274875641 2137
1781296935745 0.14196550846099854 2138
1781296935752 0.11612343788146973 2139
1781296935760 0.20815014839172363 2140
1781296935763 0.10599009692668915 2141
1781296935773 0.15956512093544006 2142
1781296935777 0.32522380352020264 2143
1781296935781 0.3119337558746338 2144
1781296935784 0.09626676142215729 2145
1781296935788 0.15722090005874634 2146
1781296935791 0.3348548710346222 2147
1781296935793 0.13015371561050415 2148
1781296935797 0.080287866294384 2149
1781296935800 0.06312007457017899 2150
1781296935803 0.1606886088848114 2151
1781296935806 0.062256183475255966 2152
1781296935810 0.2428150773048401 2153
1781296935813 0.09174192696809769 2154
1781296935816 0.1593407690525055 2155
1781296935819 0.15199925005435944 2156
1781296935822 0.23555096983909607 2157
1781296935824 0.1186855286359787 2158
1781296935828 0.07911508530378342 2159
1781296935830 0.11370691657066345 2160
1781296935833 0.055881038308143616 2161
1781296935836 0.08297596126794815 2162
1781296935839 0.19795063138008118 2163
1781296935842 0.10150309652090073 2164
1781296935845 0.11324583739042282 2165
1781296935848 0.1285795420408249 2166
1781296935851 0.14377279579639435 2167
1781296935853 0.1533828228712082 2168
1781296935856 0.15998457372188568 2169
1781296935859 0.08357974141836166 2170
1781296935862 0.07776476442813873 2171
1781296935865 0.06510697305202484 2172
1781296935868 0.18261511623859406 2173
1781296935871 0.13589255511760712 2174
1781296935874 0.17137716710567474 2175
1781296935877 0.23538698256015778 2176
1781296935880 0.06831742078065872 2177
1781296935883 0.08158030360937119 2178
1781296935886 0.18818289041519165 2179
1781296935890 0.14185713231563568 2180
1781296935892 0.1586763560771942 2181
1781296935895 0.09844427555799484 2182
1781296935899 0.08133556693792343 2183
1781296935902 0.17101728916168213 2184
1781296935904 0.07017278671264648 2185
1781296935909 0.020019661635160446 2186
1781296935912 0.2493140548467636 2187
1781296935919 0.09162823855876923 2188
1781296935922 0.0799248144030571 2189
1781296935927 0.06480886042118073 2190
1781296935930 0.12896713614463806 2191
1781296935934 0.03921335190534592 2192
1781296935938 0.08588767796754837 2193
1781296935942 0.13723653554916382 2194
1781296935946 0.2685011029243469 2195
1781296935950 0.05855521932244301 2196
1781296935954 0.17142963409423828 2197
1781296935958 0.16172701120376587 2198
1781296935961 0.31599417328834534 2199
1781296935965 0.18419843912124634 2200
1781296935969 0.11915100365877151 2201
1781296935978 0.062053825706243515 2202
1781296935983 0.161967933177948 2203
1781296935988 0.1528601497411728 2204
1781296935991 0.13197290897369385 2205
1781296935996 0.10896047204732895 2206
1781296936000 0.07384603470563889 2207
1781296936003 0.12735779583454132 2208
1781296936007 0.03323778510093689 2209
1781296936011 0.09707200527191162 2210
1781296936014 0.16113977134227753 2211
1781296936018 0.27173101902008057 2212
1781296936022 0.16204501688480377 2213
1781296936027 0.09436990320682526 2214
1781296936031 0.1634831428527832 2215
1781296936035 0.10935133695602417 2216
1781296936038 0.1659143567085266 2217
1781296936042 0.17948397994041443 2218
1781296936046 0.13683560490608215 2219
1781296936050 0.1521044820547104 2220
1781296936054 0.1528075486421585 2221
1781296936058 0.06583593040704727 2222
1781296936061 0.1446520984172821 2223
1781296936065 0.1259223073720932 2224
1781296936069 0.13305369019508362 2225
1781296936073 0.05026373267173767 2226
1781296936078 0.2216949313879013 2227
1781296936082 0.06446792185306549 2228
1781296936085 0.03929527848958969 2229
1781296936089 0.05523846670985222 2230
1781296936093 0.1838536560535431 2231
1781296936097 0.27196359634399414 2232
1781296936100 0.06658244132995605 2233
1781296936104 0.1475691944360733 2234
1781296936108 0.08666344732046127 2235
1781296936112 0.30181920528411865 2236
1781296936115 0.11389081180095673 2237
1781296936119 0.11346700042486191 2238
1781296936123 0.15875056385993958 2239
1781296936127 0.12809830904006958 2240
1781296936130 0.08263636380434036 2241
1781296936134 0.17329032719135284 2242
1781296936138 0.13066065311431885 2243
1781296936142 0.07943300157785416 2244
1781296936145 0.223333939909935 2245
1781296936149 0.18053869903087616 2246
1781296936153 0.4019049108028412 2247
1781296936156 0.09614142775535583 2248
1781296936160 0.08419644087553024 2249
1781296936164 0.06732197105884552 2250
1781296936169 0.17904891073703766 2251
1781296936178 0.15715312957763672 2252
1781296936184 0.1848994344472885 2253
1781296936188 0.13912995159626007 2254
1781296936191 0.15712952613830566 2255
1781296936195 0.07846877723932266 2256
1781296936199 0.10885854810476303 2257
1781296936202 0.11451944708824158 2258
1781296936206 0.2038770616054535 2259
1781296936210 0.17852263152599335 2260
1781296936213 0.06016286090016365 2261
1781296936217 0.11059408634901047 2262
1781296936221 0.0885939747095108 2263
1781296936224 0.1215989738702774 2264
1781296936228 0.2371174842119217 2265
1781296936232 0.08202320337295532 2266
1781296936235 0.2086455076932907 2267
1781296936239 0.11258924007415771 2268
1781296936243 0.10579335689544678 2269
1781296936247 0.09684146195650101 2270
1781296936250 0.04739813879132271 2271
1781296936255 0.19994311034679413 2272
1781296936258 0.09924903512001038 2273
1781296936262 0.04188438877463341 2274
1781296936266 0.10882440954446793 2275
1781296936269 0.09860283881425858 2276
1781296936273 0.09450583904981613 2277
1781296936279 0.1562388688325882 2278
1781296936283 0.0556672066450119 2279
1781296936286 0.11530563235282898 2280
1781296936290 0.03378148749470711 2281
1781296936294 0.17069754004478455 2282
1781296936298 0.13164280354976654 2283
1781296936301 0.05596289411187172 2284
1781296936305 0.06326677650213242 2285
1781296936309 0.17093363404273987 2286
1781296936313 0.1913241744041443 2287
1781296936317 0.15342140197753906 2288
1781296936320 0.15856404602527618 2289
1781296936324 0.09970352053642273 2290
1781296936328 0.18595145642757416 2291
1781296936332 0.1456345021724701 2292
1781296936335 0.03181253746151924 2293
1781296936339 0.1021275669336319 2294
1781296936343 0.11972994357347488 2295
1781296936346 0.0416962094604969 2296
1781296936350 0.23240865767002106 2297
1781296936354 0.07411958277225494 2298
1781296936358 0.0994202122092247 2299
1781296936362 0.16000553965568542 2300
1781296936365 0.05721442401409149 2301
1781296936369 0.07585054636001587 2302
1781296936373 0.14043238759040833 2303
1781296936377 0.13837069272994995 2304
1781296936381 0.170528382062912 2305
1781296936384 0.10189803689718246 2306
1781296936389 0.0876956433057785 2307
1781296936393 0.1368267685174942 2308
1781296936397 0.12200170755386353 2309
1781296936401 0.1424218863248825 2310
1781296936404 0.09295758605003357 2311
1781296936408 0.19802173972129822 2312
1781296936412 0.17122675478458405 2313
1781296936416 0.19884298741817474 2314
1781296936420 0.027899814769625664 2315
1781296936424 0.09139453619718552 2316
1781296936429 0.17342650890350342 2317
1781296936433 0.0363413542509079 2318
1781296936437 0.05613360181450844 2319
1781296936441 0.07059115171432495 2320
1781296936445 0.030970053747296333 2321
1781296936448 0.12357303500175476 2322
1781296936452 0.0599660649895668 2323
1781296936456 0.08630935847759247 2324
1781296936459 0.16252654790878296 2325
1781296936463 0.13243252038955688 2326
1781296936467 0.11485067754983902 2327
1781296936471 0.10953692346811295 2328
1781296936474 0.1014261394739151 2329
1781296936478 0.20161263644695282 2330
1781296936482 0.1428762823343277 2331
1781296936486 0.2307235151529312 2332
1781296936489 0.07872385531663895 2333
1781296936493 0.11133600026369095 2334
1781296936497 0.11631803959608078 2335
1781296936500 0.23010827600955963 2336
1781296936504 0.16398464143276215 2337
1781296936508 0.047529708594083786 2338
1781296936512 0.0948081761598587 2339
1781296936515 0.10482726246118546 2340
1781296936519 0.11158807575702667 2341
1781296936522 0.04828265681862831 2342
1781296936526 0.07558024674654007 2343
1781296936530 0.06398769468069077 2344
1781296936534 0.06718219071626663 2345
1781296936538 0.09090037643909454 2346
1781296936542 0.052575867623090744 2347
1781296936546 0.06053929775953293 2348
1781296936549 0.07773085683584213 2349
1781296936553 0.24607639014720917 2350
1781296936556 0.13387636840343475 2351
1781296936560 0.1669514924287796 2352
1781296936564 0.13349924981594086 2353
1781296936568 0.285418838262558 2354
1781296936571 0.32153356075286865 2355
1781296936576 0.2184784710407257 2356
1781296936579 0.12499459087848663 2357
1781296936583 0.1469256728887558 2358
1781296936587 0.2224886119365692 2359
1781296936590 0.2844123840332031 2360
1781296936594 0.11962602287530899 2361
1781296936598 0.03465397655963898 2362
1781296936602 0.27241507172584534 2363
1781296936612 0.14921309053897858 2364
1781296936618 0.12253738194704056 2365
1781296936621 0.07545860856771469 2366
1781296936625 0.10656729340553284 2367
1781296936629 0.13787367939949036 2368
1781296936632 0.109473817050457 2369
1781296936636 0.14931505918502808 2370
1781296936639 0.1255224198102951 2371
1781296936643 0.19282299280166626 2372
1781296936647 0.03908059000968933 2373
1781296936650 0.060556888580322266 2374
1781296936655 0.08180170506238937 2375
1781296936658 0.12240065634250641 2376
1781296936662 0.1084430143237114 2377
1781296936666 0.09081964194774628 2378
1781296936670 0.04687570780515671 2379
1781296936674 0.17862768471240997 2380
1781296936677 0.1564788818359375 2381
1781296936681 0.16539038717746735 2382
1781296936685 0.18189604580402374 2383
1781296936689 0.10686931759119034 2384
1781296936693 0.208408921957016 2385
1781296936696 0.09747157990932465 2386
1781296936701 0.15592306852340698 2387
1781296936705 0.23334473371505737 2388
1781296936710 0.15422816574573517 2389
1781296936713 0.2691968083381653 2390
1781296936717 0.07554663717746735 2391
1781296936721 0.05659458041191101 2392
1781296936725 0.027321521192789078 2393
1781296936730 0.15223194658756256 2394
1781296936737 0.11869246512651443 2395
1781296936741 0.18593326210975647 2396
1781296936745 0.16051548719406128 2397
1781296936749 0.12240186333656311 2398
1781296936753 0.13370831310749054 2399
1781296936757 0.11060495674610138 2400
1781296936761 0.1488635540008545 2401
1781296936765 0.06992325931787491 2402
1781296936770 0.0856647714972496 2403
1781296936774 0.2820630967617035 2404
1781296936779 0.12954650819301605 2405
1781296936782 0.12425020337104797 2406
1781296936786 0.13792581856250763 2407
1781296936790 0.06232299283146858 2408
1781296936794 0.21370528638362885 2409
1781296936798 0.08899816125631332 2410
1781296936802 0.044573232531547546 2411
1781296936806 0.24283353984355927 2412
1781296936810 0.10001572221517563 2413
1781296936814 0.12036918103694916 2414
1781296936818 0.2540968954563141 2415
1781296936822 0.11174637079238892 2416
1781296936826 0.1444217562675476 2417
1781296936830 0.12073982506990433 2418
1781296936834 0.21955308318138123 2419
1781296936837 0.1049044132232666 2420
1781296936841 0.16652488708496094 2421
1781296936846 0.07650108635425568 2422
1781296936850 0.12935058772563934 2423
1781296936853 0.11486576497554779 2424
1781296936857 0.19744230806827545 2425
1781296936861 0.08249732106924057 2426
1781296936865 0.1730615794658661 2427
1781296936870 0.3165864050388336 2428
1781296936873 0.2569115161895752 2429
1781296936877 0.05731818452477455 2430
1781296936882 0.20846645534038544 2431
1781296936885 0.19419239461421967 2432
1781296936889 0.16029812395572662 2433
1781296936893 0.12227752059698105 2434
1781296936897 0.09321357309818268 2435
1781296936901 0.04765738546848297 2436
1781296936905 0.19149701297283173 2437
1781296936909 0.05136515945196152 2438
1781296936913 0.0514860600233078 2439
1781296936917 0.14406722784042358 2440
1781296936921 0.10403400659561157 2441
1781296936925 0.1347484439611435 2442
1781296936932 0.03470902889966965 2443
1781296936936 0.3482305705547333 2444
1781296936940 0.15394628047943115 2445
1781296936944 0.1174529567360878 2446
1781296936948 0.2114441841840744 2447
1781296936952 0.0660654827952385 2448
1781296936956 0.16720135509967804 2449
1781296936960 0.11292160302400589 2450
1781296936964 0.08878348022699356 2451
1781296936968 0.19796064496040344 2452
1781296936971 0.10239273309707642 2453
1781296936975 0.1303688883781433 2454
1781296936979 0.11111655831336975 2455
1781296936983 0.17466206848621368 2456
1781296936986 0.08144889771938324 2457
1781296936990 0.06845733523368835 2458
1781296936994 0.3141390085220337 2459
1781296936998 0.1095576137304306 2460
1781296937001 0.19525274634361267 2461
1781296937005 0.1829335242509842 2462
1781296937009 0.03628745675086975 2463
1781296937013 0.19310639798641205 2464
1781296937016 0.2010415941476822 2465
1781296937020 0.24079813063144684 2466
1781296937024 0.07540926337242126 2467
1781296937028 0.012342823669314384 2468
1781296937032 0.08157271146774292 2469
1781296937035 0.1233491599559784 2470
1781296937039 0.15214286744594574 2471
1781296937043 0.14743022620677948 2472
1781296937046 0.07414773851633072 2473
1781296937050 0.0954960361123085 2474
1781296937054 0.17586970329284668 2475
1781296937057 0.21688124537467957 2476
1781296937061 0.11808235943317413 2477
1781296937065 0.04651345685124397 2478
1781296937069 0.07504834979772568 2479
1781296937073 0.0820847600698471 2480
1781296937078 0.12119728326797485 2481
1781296937082 0.19565245509147644 2482
1781296937087 0.15660253167152405 2483
1781296937090 0.04149911180138588 2484
1781296937094 0.1633472591638565 2485
1781296937099 0.14917589724063873 2486
1781296937105 0.06976444274187088 2487
1781296937109 0.15229883790016174 2488
1781296937114 0.0469563789665699 2489
1781296937120 0.22374935448169708 2490
1781296937124 0.04610230773687363 2491
1781296937128 0.35471561551094055 2492
1781296937132 0.09313888102769852 2493
1781296937136 0.07695460319519043 2494
1781296937140 0.22021880745887756 2495
1781296937144 0.165354385972023 2496
1781296937149 0.03965218365192413 2497
1781296937156 0.046683114022016525 2498
1781296937160 0.08957415819168091 2499
1781296937164 0.15518467128276825 2500
1781296937168 0.13695064187049866 2501
1781296937174 0.09164315462112427 2502
1781296937180 0.2952049970626831 2503
1781296937184 0.07811624556779861 2504
1781296937188 0.09439811110496521 2505
1781296937193 0.2033362090587616 2506
1781296937199 0.11287199705839157 2507
1781296937203 0.22621935606002808 2508
1781296937207 0.17433366179466248 2509
1781296937211 0.07932539284229279 2510
1781296937217 0.2238931506872177 2511
1781296937221 0.15331237018108368 2512
1781296937228 0.27892816066741943 2513
