1781301954748 0.18529217751258423 0
1781301959301 0.12627173482982523 1
1781301963630 0.11061957769431077 2
1781301968019 0.10085445149369017 3
1781301972378 0.09496799450795113 4
1781301976708 0.09132267644366425 5
1781301981238 0.08831873349949941 6
1781301985685 0.08522554370806729 7
1781301990181 0.08325263265363896 8
1781301994649 0.08165802539357381 9
1781301999004 0.0801935918787593 10
1781302003553 0.07901438180046272 11
1781302007876 0.07743693981932781 12
1781302012173 0.07666148672249798 13
1781302016536 0.07605448387394594 14
1781302020976 0.07511627289963872 15
1781302025292 0.07461166623482723 16
1781302029723 0.0739184463331131 17
1781302034228 0.07336250183629962 18
1781302038589 0.07291355412554507 19
1781302042922 0.07232283775318306 20
1781302047319 0.07216442825559445 21
1781302051700 0.07174409359712378 22
1781302056392 0.07127020407785618 23
1781302060819 0.07081307726364504 24
1781302065562 0.07091763661651385 25
1781302070489 0.07056492125677331 26
1781302076009 0.07024864799873387 27
1781302081631 0.07008339508323061 28
1781302086965 0.06978242812462604 29
1781302092646 0.06956862015704643 30
1781302098873 0.06939828492778068 31
1781302104874 0.06939575305430697 32
1781302111184 0.06891696806625328 33
1781302116482 0.06919546220516898 34
1781302121723 0.06915116413415677 35
1781302126889 0.06867569642765915 36
1781302131991 0.06856506692297663 37
1781302137154 0.06850300738345896 38
1781302142259 0.06841554575334884 39
1781302147413 0.06822372124066946 40
1781302152606 0.06814295604450137 41
1781302157763 0.0678214605854645 42
1781302163020 0.06785066444016423 43
1781302168301 0.06794364937571228 44
1781302173701 0.06771790328400104 45
1781302179005 0.06754751247356308 46
1781302184178 0.06724402282947399 47
1781302189407 0.06773105631395851 48
1781302194728 0.06712704794280544 49
