1781296933688 2.4360718727111816 0
1781296933691 2.2744839191436768 1
1781296933694 2.3661413192749023 2
1781296933696 2.367006301879883 3
1781296933700 2.2621896266937256 4
1781296933703 2.022939682006836 5
1781296933706 1.932217001914978 6
1781296933708 1.9957917928695679 7
1781296933711 1.9168157577514648 8
1781296933713 1.9370579719543457 9
1781296933718 1.788638710975647 10
1781296933720 1.7862462997436523 11
1781296933723 1.6523643732070923 12
1781296933725 1.587262749671936 13
1781296933728 1.6515554189682007 14
1781296933731 1.499292254447937 15
1781296933733 1.4461406469345093 16
1781296933736 1.490647554397583 17
1781296933738 1.3149313926696777 18
1781296933741 1.5044838190078735 19
1781296933744 1.3598365783691406 20
1781296933747 1.2890909910202026 21
1781296933750 1.348865032196045 22
1781296933753 1.1976420879364014 23
1781296933756 1.1096689701080322 24
1781296933759 1.1256035566329956 25
1781296933762 1.2240678071975708 26
1781296933764 1.1868464946746826 27
1781296933767 1.0083391666412354 28
1781296933769 1.2078906297683716 29
1781296933772 1.2622328996658325 30
1781296933775 1.0769727230072021 31
1781296933777 1.011462688446045 32
1781296933780 0.964111328125 33
1781296933783 1.0267583131790161 34
1781296933786 1.0396592617034912 35
1781296933790 1.0589563846588135 36
1781296933793 0.8978606462478638 37
1781296933796 0.9370617270469666 38
1781296933799 0.9574764370918274 39
1781296933802 0.9115496277809143 40
1781296933805 0.9541275501251221 41
1781296933808 0.9825770258903503 42
1781296933811 0.8038721680641174 43
1781296933814 0.9193018674850464 44
1781296933817 0.8464570641517639 45
1781296933821 0.642636775970459 46
1781296933824 0.8640336394309998 47
1781296933827 0.7960973381996155 48
1781296933830 0.8452213406562805 49
1781296933832 0.9081990122795105 50
1781296933835 0.8898833394050598 51
1781296933838 0.8501266837120056 52
1781296933840 0.8261784315109253 53
1781296933843 0.951770544052124 54
1781296933846 0.7331923246383667 55
1781296933848 0.8787953853607178 56
1781296933851 0.7411050200462341 57
1781296933853 0.8314051628112793 58
1781296933856 0.7924702167510986 59
1781296933859 0.7671035528182983 60
1781296933862 0.6849356889724731 61
1781296933865 0.7836884260177612 62
1781296933867 0.7056664824485779 63
1781296933870 0.6423359513282776 64
1781296933873 0.7181241512298584 65
1781296933876 0.7876530289649963 66
1781296933879 0.7109547257423401 67
1781296933881 0.8215996623039246 68
1781296933884 0.639419674873352 69
1781296933886 0.7182644605636597 70
1781296933889 0.751166820526123 71
1781296933892 0.6624564528465271 72
1781296933894 0.6639407277107239 73
1781296933897 0.7795919179916382 74
1781296933899 0.7156059145927429 75
1781296933902 0.7395904064178467 76
1781296933905 0.9069938659667969 77
1781296933908 0.7418180108070374 78
1781296933911 0.7365351319313049 79
1781296933914 0.7511743307113647 80
1781296933917 0.7745357155799866 81
1781296933920 0.7717030048370361 82
1781296933922 0.7259231805801392 83
1781296933925 0.5963952541351318 84
1781296933928 0.516669750213623 85
1781296933930 0.7229644060134888 86
1781296933933 0.8863343000411987 87
1781296933936 0.7551767826080322 88
1781296933941 0.6768858432769775 89
1781296933947 0.722652792930603 90
1781296933950 0.663715660572052 91
1781296933952 0.6773441433906555 92
1781296933955 0.5538087487220764 93
1781296933958 0.7117434740066528 94
1781296933960 0.5969475507736206 95
1781296933963 0.5837728381156921 96
1781296933966 0.5950658917427063 97
1781296933968 0.6361434459686279 98
1781296933971 0.48697149753570557 99
1781296933974 0.543154776096344 100
1781296933977 0.673206627368927 101
1781296933980 0.568994402885437 102
1781296933983 0.6324529647827148 103
1781296933986 0.5204288363456726 104
1781296933989 0.5435961484909058 105
1781296933992 0.5146729350090027 106
1781296933995 0.6506919860839844 107
1781296933998 0.5916027426719666 108
1781296934000 0.5922344923019409 109
1781296934003 0.6669878959655762 110
1781296934006 0.5518969297409058 111
1781296934009 0.4472670555114746 112
1781296934012 0.6621218323707581 113
1781296934017 0.3257995843887329 114
1781296934020 0.7403283715248108 115
1781296934022 0.5129348635673523 116
1781296934025 0.6234304904937744 117
1781296934028 0.5172314643859863 118
1781296934031 0.49958324432373047 119
1781296934034 0.426645964384079 120
1781296934038 0.5038147568702698 121
1781296934041 0.7942850589752197 122
1781296934043 0.6187366247177124 123
1781296934046 0.402764230966568 124
1781296934049 0.6102140545845032 125
1781296934051 0.5855165123939514 126
1781296934054 0.7432558536529541 127
1781296934057 0.5174767374992371 128
1781296934060 0.41439715027809143 129
1781296934063 0.5115451812744141 130
1781296934066 0.4327344298362732 131
1781296934069 0.5689217448234558 132
1781296934072 0.4982444643974304 133
1781296934075 0.5093095898628235 134
1781296934078 0.6674565076828003 135
1781296934081 0.5067241191864014 136
1781296934084 0.6500297784805298 137
1781296934087 0.5549531579017639 138
1781296934090 0.5558978319168091 139
1781296934093 0.44174858927726746 140
1781296934095 0.473723828792572 141
1781296934100 0.5036101937294006 142
1781296934103 0.41017553210258484 143
1781296934106 0.6507319808006287 144
1781296934109 0.5515279173851013 145
1781296934111 0.6105074882507324 146
1781296934114 0.5024168491363525 147
1781296934116 0.5246181488037109 148
1781296934120 0.4948503375053406 149
1781296934122 0.6227261424064636 150
1781296934125 0.47231847047805786 151
1781296934128 0.47982820868492126 152
1781296934131 0.5892401933670044 153
1781296934133 0.7084758877754211 154
1781296934136 0.47576677799224854 155
1781296934139 0.46772512793540955 156
1781296934143 0.4790685176849365 157
1781296934145 0.45373857021331787 158
1781296934148 0.4538983106613159 159
1781296934151 0.48582160472869873 160
1781296934154 0.589569628238678 161
1781296934158 0.6130691170692444 162
1781296934163 0.5043571591377258 163
1781296934167 0.3571780025959015 164
1781296934170 0.2645686864852905 165
1781296934172 0.46151891350746155 166
1781296934176 0.6043167114257812 167
1781296934182 0.597586452960968 168
1781296934185 0.3644222617149353 169
1781296934188 0.3919002115726471 170
1781296934192 0.6345261931419373 171
1781296934194 0.41764819622039795 172
1781296934198 0.42859211564064026 173
1781296934201 0.5587157607078552 174
1781296934204 0.5375409722328186 175
1781296934207 0.5865461826324463 176
1781296934210 0.483521044254303 177
1781296934213 0.44972726702690125 178
1781296934217 0.640865683555603 179
1781296934220 0.31997188925743103 180
1781296934223 0.46517619490623474 181
1781296934226 0.4700804054737091 182
1781296934228 0.5123863816261292 183
1781296934231 0.5215947031974792 184
1781296934234 0.5401543974876404 185
1781296934237 0.40087541937828064 186
1781296934240 0.6061680316925049 187
1781296934242 0.39051124453544617 188
1781296934245 0.3844626247882843 189
1781296934248 0.3359696567058563 190
1781296934251 0.580727756023407 191
1781296934254 0.4587215781211853 192
1781296934257 0.6785653829574585 193
1781296934260 0.57741779088974 194
1781296934263 0.48945823311805725 195
1781296934267 0.48819616436958313 196
1781296934269 0.4755929112434387 197
1781296934272 0.49928614497184753 198
1781296934275 0.412711501121521 199
1781296934277 0.5292051434516907 200
1781296934280 0.5103213787078857 201
1781296934282 0.7147620320320129 202
1781296934285 0.39638325572013855 203
1781296934288 0.48364827036857605 204
1781296934291 0.4970686733722687 205
1781296934294 0.45696863532066345 206
1781296934296 0.4487994313240051 207
1781296934299 0.6286657452583313 208
1781296934302 0.34444013237953186 209
1781296934305 0.44357046484947205 210
1781296934308 0.4974048137664795 211
1781296934311 0.4136633574962616 212
1781296934314 0.4705961048603058 213
1781296934317 0.581104576587677 214
1781296934319 0.4266813099384308 215
1781296934322 0.562706470489502 216
1781296934325 0.3244267702102661 217
1781296934328 0.30558693408966064 218
1781296934331 0.6517253518104553 219
1781296934335 0.5549908876419067 220
1781296934340 0.4111900329589844 221
1781296934342 0.4556172788143158 222
1781296934345 0.4428084194660187 223
1781296934350 0.4272584915161133 224
1781296934352 0.4717620015144348 225
1781296934355 0.45459941029548645 226
1781296934358 0.32560887932777405 227
1781296934363 0.47866854071617126 228
1781296934368 0.5685474276542664 229
1781296934371 0.4175403118133545 230
1781296934373 0.47412338852882385 231
1781296934376 0.32395610213279724 232
1781296934379 0.40700843930244446 233
1781296934382 0.28398397564888 234
1781296934385 0.5727924108505249 235
1781296934388 0.4460170567035675 236
1781296934391 0.48686501383781433 237
1781296934394 0.4762021601200104 238
1781296934398 0.2868598699569702 239
1781296934401 0.42940035462379456 240
1781296934404 0.6025153994560242 241
1781296934407 0.491371750831604 242
1781296934409 0.38259708881378174 243
1781296934412 0.5211700201034546 244
1781296934415 0.4287385046482086 245
1781296934417 0.33248353004455566 246
1781296934420 0.37123700976371765 247
1781296934423 0.47885361313819885 248
1781296934426 0.42543038725852966 249
1781296934429 0.3586798906326294 250
1781296934432 0.40672916173934937 251
1781296934435 0.302935391664505 252
1781296934438 0.48534300923347473 253
1781296934441 0.5295802354812622 254
1781296934444 0.45904651284217834 255
1781296934447 0.28723230957984924 256
1781296934450 0.43300163745880127 257
1781296934453 0.4315934181213379 258
1781296934456 0.4301370084285736 259
1781296934459 0.4600147604942322 260
1781296934462 0.37159454822540283 261
1781296934465 0.4751306474208832 262
1781296934467 0.34326988458633423 263
1781296934470 0.3858638405799866 264
1781296934474 0.46307721734046936 265
1781296934477 0.6011868119239807 266
1781296934480 0.3691423833370209 267
1781296934483 0.3661964535713196 268
1781296934486 0.42537587881088257 269
1781296934489 0.5223387479782104 270
1781296934492 0.4167368710041046 271
1781296934495 0.4651557505130768 272
1781296934497 0.3627544939517975 273
1781296934500 0.42042139172554016 274
1781296934503 0.5398069024085999 275
1781296934505 0.42529287934303284 276
1781296934508 0.47992271184921265 277
1781296934510 0.37791749835014343 278
1781296934513 0.47729650139808655 279
1781296934516 0.5773553848266602 280
1781296934519 0.5463692545890808 281
1781296934521 0.6230025887489319 282
1781296934524 0.3388078510761261 283
1781296934527 0.5785452723503113 284
1781296934531 0.48556390404701233 285
1781296934536 0.7182782292366028 286
1781296934541 0.5297576189041138 287
1781296934544 0.5019031167030334 288
1781296934547 0.4629706144332886 289
1781296934549 0.578407883644104 290
1781296934552 0.4674636721611023 291
1781296934555 0.4664052128791809 292
1781296934558 0.3747343420982361 293
1781296934560 0.48563337326049805 294
1781296934563 0.41833680868148804 295
1781296934566 0.41827431321144104 296
1781296934569 0.25488176941871643 297
1781296934572 0.2713407874107361 298
1781296934575 0.4956127405166626 299
1781296934577 0.5743477940559387 300
1781296934580 0.5034458041191101 301
1781296934583 0.32763469219207764 302
1781296934586 0.4651384949684143 303
1781296934588 0.3535451889038086 304
1781296934591 0.3358842730522156 305
1781296934593 0.4568629562854767 306
1781296934596 0.52565598487854 307
1781296934599 0.596549391746521 308
1781296934601 0.6656935214996338 309
1781296934604 0.46502748131752014 310
1781296934607 0.5426445007324219 311
1781296934610 0.4881747364997864 312
1781296934612 0.308394193649292 313
1781296934615 0.3550404906272888 314
1781296934618 0.33749011158943176 315
1781296934620 0.6679092049598694 316
1781296934623 0.42217710614204407 317
1781296934626 0.43513038754463196 318
1781296934628 0.4269152879714966 319
1781296934631 0.5694871544837952 320
1781296934634 0.5775659084320068 321
1781296934636 0.22028154134750366 322
1781296934639 0.31330907344818115 323
1781296934644 0.47125691175460815 324
1781296934647 0.3375301957130432 325
1781296934653 0.48200270533561707 326
1781296934663 0.4081464111804962 327
1781296934668 0.45645850896835327 328
1781296934670 0.40645310282707214 329
1781296934673 0.2573685944080353 330
1781296934675 0.6623230576515198 331
1781296934678 0.24380995333194733 332
1781296934681 0.4015304148197174 333
1781296934683 0.4062198996543884 334
1781296934686 0.435753732919693 335
1781296934688 0.4482782185077667 336
1781296934691 0.3500106930732727 337
1781296934694 0.6901834011077881 338
1781296934696 0.353467732667923 339
1781296934699 0.4813660681247711 340
1781296934702 0.42119866609573364 341
1781296934704 0.47669312357902527 342
1781296934707 0.4527331590652466 343
1781296934711 0.47810518741607666 344
1781296934717 0.4512743651866913 345
1781296934719 0.427237868309021 346
1781296934722 0.5125481486320496 347
1781296934724 0.4180137813091278 348
1781296934727 0.34299540519714355 349
1781296934730 0.26873987913131714 350
1781296934733 0.29853829741477966 351
1781296934735 0.4305284321308136 352
1781296934738 0.3895936608314514 353
1781296934740 0.3162328600883484 354
1781296934743 0.422732949256897 355
1781296934745 0.40864095091819763 356
1781296934748 0.36288926005363464 357
1781296934751 0.3536791205406189 358
1781296934753 0.38260725140571594 359
1781296934756 0.42856475710868835 360
1781296934758 0.42614197731018066 361
1781296934761 0.48661139607429504 362
1781296934764 0.34472593665122986 363
1781296934768 0.25230535864830017 364
1781296934773 0.45137080550193787 365
1781296934776 0.4272586405277252 366
1781296934778 0.30000558495521545 367
1781296934781 0.5491917729377747 368
1781296934783 0.4926893413066864 369
1781296934786 0.3875941336154938 370
1781296934789 0.38334953784942627 371
1781296934791 0.5378822088241577 372
1781296934794 0.4675355553627014 373
1781296934797 0.6447428464889526 374
1781296934801 0.4828820526599884 375
1781296934804 0.26687368750572205 376
1781296934808 0.3890436887741089 377
1781296934812 0.36537107825279236 378
1781296934814 0.6547412872314453 379
1781296934817 0.19823694229125977 380
1781296934820 0.30353033542633057 381
1781296934824 0.2709179222583771 382
1781296934827 0.41416990756988525 383
1781296934831 0.574367105960846 384
1781296934833 0.3231913149356842 385
1781296934836 0.6928924322128296 386
1781296934839 0.4015776515007019 387
1781296934843 0.3498933017253876 388
1781296934845 0.6412978172302246 389
1781296934848 0.33015331625938416 390
1781296934851 0.30752554535865784 391
1781296934853 0.41242867708206177 392
1781296934856 0.4861077070236206 393
1781296934859 0.47771021723747253 394
1781296934862 0.3151400089263916 395
1781296934864 0.4340795576572418 396
1781296934867 0.3075322210788727 397
1781296934871 0.44812852144241333 398
1781296934873 0.33307233452796936 399
1781296934876 0.1787208765745163 400
1781296934879 0.45725926756858826 401
1781296934882 0.37044915556907654 402
1781296934885 0.4377230107784271 403
1781296934888 0.4712005853652954 404
1781296934892 0.3843946158885956 405
1781296934895 0.42275795340538025 406
1781296934898 0.5052693486213684 407
1781296934900 0.39673659205436707 408
1781296934903 0.43546390533447266 409
1781296934905 0.4259776771068573 410
1781296934908 0.4989968240261078 411
1781296934911 0.5580003261566162 412
1781296934914 0.41816604137420654 413
1781296934917 0.2921668291091919 414
1781296934921 0.5361121892929077 415
1781296934924 0.365643709897995 416
1781296934927 0.3967411518096924 417
1781296934930 0.596747636795044 418
1781296934937 0.295503169298172 419
1781296934940 0.4425564110279083 420
1781296934943 0.48550543189048767 421
1781296934946 0.38586798310279846 422
1781296934950 0.3674936294555664 423
1781296934956 0.39781373739242554 424
1781296934958 0.48563727736473083 425
1781296934961 0.3010810911655426 426
1781296934964 0.42735755443573 427
1781296934968 0.38017722964286804 428
1781296934971 0.34978199005126953 429
1781296934976 0.24754096567630768 430
1781296934979 0.2925567030906677 431
1781296934983 0.28029322624206543 432
1781296934988 0.23321938514709473 433
1781296934991 0.4577716290950775 434
1781296934995 0.6248877048492432 435
1781296935000 0.3544471859931946 436
1781296935006 0.23067481815814972 437
1781296935010 0.5064079761505127 438
1781296935014 0.38497379422187805 439
1781296935017 0.2508353590965271 440
1781296935023 0.2084795981645584 441
1781296935031 0.32399359345436096 442
1781296935036 0.400788813829422 443
1781296935039 0.5544180870056152 444
1781296935044 0.3621402084827423 445
1781296935048 0.3618650734424591 446
1781296935052 0.46019381284713745 447
1781296935055 0.3117126524448395 448
1781296935063 0.3627260625362396 449
1781296935068 0.2356584221124649 450
1781296935072 0.37503764033317566 451
1781296935076 0.45252305269241333 452
1781296935080 0.3290664851665497 453
1781296935084 0.39732202887535095 454
1781296935088 0.32336682081222534 455
1781296935093 0.5904374718666077 456
1781296935097 0.5673058032989502 457
1781296935100 0.22911176085472107 458
1781296935104 0.38274964690208435 459
1781296935108 0.6420170664787292 460
1781296935112 0.358296662569046 461
1781296935116 0.2772892117500305 462
1781296935120 0.505017101764679 463
1781296935124 0.36036425828933716 464
1781296935128 0.23368391394615173 465
1781296935132 0.3672185242176056 466
1781296935136 0.4146987199783325 467
1781296935139 0.4007126986980438 468
1781296935143 0.4077421724796295 469
1781296935147 0.4851562976837158 470
1781296935151 0.3654334545135498 471
1781296935154 0.30611860752105713 472
1781296935159 0.27874812483787537 473
1781296935163 0.3299613893032074 474
1781296935166 0.3662034571170807 475
1781296935170 0.4511876106262207 476
1781296935175 0.31481799483299255 477
1781296935179 0.4612054228782654 478
1781296935183 0.3176141679286957 479
1781296935187 0.5252439975738525 480
1781296935191 0.5020509958267212 481
1781296935195 0.38824668526649475 482
1781296935199 0.3524022698402405 483
1781296935203 0.2665500342845917 484
1781296935208 0.2849196195602417 485
1781296935213 0.359340101480484 486
1781296935217 0.25711357593536377 487
1781296935221 0.327811598777771 488
1781296935225 0.40487533807754517 489
1781296935229 0.30033811926841736 490
1781296935234 0.3450336754322052 491
1781296935239 0.5109867453575134 492
1781296935243 0.31265875697135925 493
1781296935247 0.38528206944465637 494
1781296935251 0.39593505859375 495
1781296935255 0.3311917185783386 496
1781296935259 0.4957212805747986 497
1781296935264 0.3515646457672119 498
1781296935268 0.20820893347263336 499
1781296935271 0.3846942186355591 500
1781296935276 0.41987621784210205 501
1781296935280 0.355090856552124 502
1781296935283 0.19691084325313568 503
1781296935287 0.3431958556175232 504
1781296935291 0.3254159688949585 505
1781296935295 0.4182429909706116 506
1781296935299 0.5027211904525757 507
1781296935302 0.3448394238948822 508
1781296935307 0.5378435254096985 509
1781296935311 0.34095636010169983 510
1781296935316 0.25099873542785645 511
1781296935319 0.27392643690109253 512
1781296935323 0.24034391343593597 513
1781296935327 0.4346854090690613 514
1781296935330 0.40752243995666504 515
1781296935334 0.23610897362232208 516
1781296935338 0.35135990381240845 517
1781296935341 0.19999577105045319 518
1781296935345 0.1757308840751648 519
1781296935349 0.42903444170951843 520
1781296935352 0.39858776330947876 521
1781296935356 0.32703784108161926 522
1781296935360 0.36965662240982056 523
1781296935368 0.32526296377182007 524
1781296935372 0.46462658047676086 525
1781296935376 0.3030979037284851 526
1781296935380 0.3197491765022278 527
1781296935388 0.3674694299697876 528
1781296935393 0.40175381302833557 529
1781296935397 0.20766732096672058 530
1781296935400 0.5278536081314087 531
1781296935406 0.34225866198539734 532
1781296935410 0.4541836977005005 533
1781296935414 0.4458530843257904 534
1781296935418 0.38229304552078247 535
1781296935421 0.6036942005157471 536
1781296935425 0.43524596095085144 537
1781296935429 0.1797729730606079 538
1781296935432 0.32928013801574707 539
1781296935436 0.32275646924972534 540
1781296935439 0.36160698533058167 541
1781296935443 0.42022737860679626 542
1781296935449 0.26976823806762695 543
1781296935453 0.4691147208213806 544
1781296935457 0.23674410581588745 545
1781296935461 0.22714969515800476 546
1781296935464 0.23131637275218964 547
1781296935468 0.6229256987571716 548
1781296935471 0.26767006516456604 549
1781296935475 0.3377792537212372 550
1781296935478 0.6453874707221985 551
1781296935482 0.19768361747264862 552
1781296935485 0.34843710064888 553
1781296935489 0.3574788570404053 554
1781296935493 0.25160208344459534 555
1781296935497 0.23752085864543915 556
1781296935501 0.3003194332122803 557
1781296935504 0.5115442872047424 558
1781296935507 0.5423277020454407 559
1781296935512 0.26868370175361633 560
1781296935516 0.40223681926727295 561
1781296935520 0.32174405455589294 562
1781296935523 0.47285544872283936 563
1781296935527 0.4556950628757477 564
1781296935530 0.357479989528656 565
1781296935534 0.2658728361129761 566
1781296935538 0.36001986265182495 567
1781296935541 0.22447945177555084 568
1781296935545 0.14341069757938385 569
1781296935566 0.2104044109582901 570
1781296935570 0.2501276135444641 571
1781296935573 0.20246748626232147 572
1781296935577 0.4325009286403656 573
1781296935580 0.27497756481170654 574
1781296935584 0.1951875239610672 575
1781296935587 0.2495005577802658 576
1781296935591 0.40737876296043396 577
1781296935594 0.22488722205162048 578
1781296935598 0.22349242866039276 579
1781296935601 0.36863815784454346 580
1781296935604 0.32323265075683594 581
1781296935608 0.4185875654220581 582
1781296935611 0.34648531675338745 583
1781296935614 0.26274871826171875 584
1781296935618 0.2756117880344391 585
1781296935621 0.37380263209342957 586
1781296935625 0.4957836866378784 587
1781296935628 0.2670450806617737 588
1781296935632 0.29534101486206055 589
1781296935635 0.2667640745639801 590
1781296935638 0.3938707113265991 591
1781296935642 0.41145530343055725 592
1781296935645 0.48131877183914185 593
1781296935649 0.42457693815231323 594
1781296935652 0.20124968886375427 595
1781296935656 0.4737815856933594 596
1781296935659 0.22147586941719055 597
1781296935662 0.353184312582016 598
1781296935667 0.41553378105163574 599
1781296935670 0.42768803238868713 600
1781296935673 0.5230221152305603 601
1781296935677 0.45741164684295654 602
1781296935680 0.39671218395233154 603
1781296935684 0.44406718015670776 604
1781296935687 0.3756435215473175 605
1781296935690 0.469558447599411 606
1781296935693 0.345847487449646 607
1781296935697 0.22518546879291534 608
1781296935700 0.46986398100852966 609
1781296935703 0.2955998182296753 610
1781296935707 0.31069183349609375 611
1781296935710 0.48571744561195374 612
1781296935714 0.20904113352298737 613
1781296935717 0.46019455790519714 614
1781296935720 0.288997620344162 615
1781296935724 0.3608674705028534 616
1781296935727 0.28913116455078125 617
1781296935731 0.48002198338508606 618
1781296935734 0.33464089035987854 619
1781296935737 0.3547765016555786 620
1781296935741 0.2502382695674896 621
1781296935744 0.7173914313316345 622
1781296935748 0.33447787165641785 623
1781296935751 0.34178537130355835 624
1781296935754 0.2802906930446625 625
1781296935757 0.6625342965126038 626
1781296935761 0.28186744451522827 627
1781296935764 0.3622838258743286 628
1781296935768 0.29609331488609314 629
1781296935772 0.30708441138267517 630
1781296935775 0.28120219707489014 631
1781296935781 0.4906003475189209 632
1781296935799 0.3512548804283142 633
1781296935806 0.27605003118515015 634
1781296935813 0.40798360109329224 635
1781296935820 0.33958813548088074 636
1781296935823 0.26395535469055176 637
1781296935827 0.5041779279708862 638
1781296935830 0.2657391130924225 639
1781296935833 0.2470138967037201 640
1781296935837 0.3210911452770233 641
1781296935840 0.286117285490036 642
1781296935844 0.39177489280700684 643
1781296935847 0.6217545866966248 644
1781296935851 0.2500797212123871 645
1781296935854 0.26131513714790344 646
1781296935857 0.16780874133110046 647
1781296935861 0.3691529631614685 648
1781296935865 0.3560681641101837 649
1781296935868 0.4041719138622284 650
1781296935872 0.43519389629364014 651
1781296935875 0.3423714339733124 652
1781296935879 0.3894737958908081 653
1781296935882 0.3264876902103424 654
1781296935886 0.2695685923099518 655
1781296935889 0.5209495425224304 656
1781296935892 0.5336129665374756 657
1781296935896 0.2396266609430313 658
1781296935900 0.36854928731918335 659
1781296935904 0.37312495708465576 660
1781296935907 0.20330221951007843 661
1781296935911 0.32232654094696045 662
1781296935915 0.19931642711162567 663
1781296935918 0.4458678662776947 664
1781296935921 0.3136318027973175 665
1781296935925 0.31422871351242065 666
1781296935928 0.3900323212146759 667
1781296935932 0.3683028519153595 668
1781296935935 0.4337400197982788 669
1781296935939 0.5457853674888611 670
1781296935942 0.38994890451431274 671
1781296935947 0.2470330446958542 672
1781296935950 0.3225589394569397 673
1781296935954 0.3827522397041321 674
1781296935957 0.44660133123397827 675
1781296935961 0.30796271562576294 676
1781296935964 0.5041319727897644 677
1781296935968 0.2928517758846283 678
1781296935972 0.39867690205574036 679
1781296935975 0.5854538679122925 680
1781296935978 0.3921090364456177 681
1781296935982 0.6178833842277527 682
1781296935985 0.38344061374664307 683
1781296935989 0.21371163427829742 684
1781296935992 0.22446118295192719 685
1781296935995 0.4302486479282379 686
1781296935999 0.39911505579948425 687
1781296936003 0.20317624509334564 688
1781296936006 0.39937567710876465 689
1781296936009 0.5239708423614502 690
1781296936013 0.4406890273094177 691
1781296936016 0.23280386626720428 692
1781296936019 0.2987282872200012 693
1781296936023 0.27216246724128723 694
1781296936026 0.1882517784833908 695
1781296936030 0.4185318052768707 696
1781296936033 0.21309377253055573 697
1781296936037 0.33308425545692444 698
1781296936040 0.40810805559158325 699
1781296936044 0.39488106966018677 700
1781296936047 0.27483808994293213 701
1781296936050 0.3676607608795166 702
1781296936054 0.313671737909317 703
1781296936057 0.4276476204395294 704
1781296936061 0.28395047783851624 705
1781296936064 0.34775590896606445 706
1781296936068 0.2822261452674866 707
1781296936071 0.32765352725982666 708
1781296936074 0.34166955947875977 709
1781296936078 0.5721568465232849 710
1781296936081 0.23850762844085693 711
1781296936084 0.36717069149017334 712
1781296936087 0.4161255657672882 713
1781296936091 0.2928864657878876 714
1781296936094 0.36719661951065063 715
1781296936098 0.38317838311195374 716
1781296936101 0.1559542417526245 717
1781296936104 0.21776644885540009 718
1781296936107 0.3708854615688324 719
1781296936111 0.3677177429199219 720
1781296936114 0.3105173110961914 721
1781296936117 0.4201905131340027 722
1781296936121 0.40582433342933655 723
1781296936124 0.21883375942707062 724
1781296936127 0.1773659884929657 725
1781296936131 0.3132237493991852 726
1781296936134 0.33402132987976074 727
1781296936137 0.2231060415506363 728
1781296936140 0.6343023180961609 729
1781296936144 0.25882259011268616 730
1781296936147 0.22541655600070953 731
1781296936150 0.22124090790748596 732
1781296936153 0.2611275017261505 733
1781296936157 0.18915626406669617 734
1781296936160 0.2281840294599533 735
1781296936163 0.5430802702903748 736
1781296936167 0.5740025043487549 737
1781296936170 0.24509955942630768 738
1781296936173 0.36976081132888794 739
1781296936177 0.2994564175605774 740
1781296936180 0.26122426986694336 741
1781296936187 0.43598654866218567 742
1781296936191 0.3495194911956787 743
1781296936195 0.3757054805755615 744
1781296936198 0.19542628526687622 745
1781296936202 0.39773479104042053 746
1781296936206 0.44596973061561584 747
1781296936210 0.18538346886634827 748
1781296936213 0.7526078224182129 749
1781296936217 0.46123459935188293 750
1781296936220 0.31834933161735535 751
1781296936223 0.3780636191368103 752
1781296936227 0.3219100534915924 753
1781296936230 0.2712942361831665 754
1781296936234 0.30628645420074463 755
1781296936239 0.6112950444221497 756
1781296936243 0.2491355836391449 757
1781296936246 0.2657763957977295 758
1781296936250 0.5933773517608643 759
1781296936253 0.5390611290931702 760
1781296936257 0.36374834179878235 761
1781296936261 0.2705211937427521 762
1781296936265 0.2844592332839966 763
1781296936268 0.2649259865283966 764
1781296936272 0.520440936088562 765
1781296936276 0.4505443572998047 766
1781296936280 0.34452754259109497 767
1781296936283 0.26511645317077637 768
1781296936286 0.2662738859653473 769
1781296936290 0.34480613470077515 770
1781296936294 0.166390061378479 771
1781296936297 0.3280720114707947 772
1781296936301 0.302703320980072 773
1781296936304 0.4193829298019409 774
1781296936308 0.29305508732795715 775
1781296936312 0.43073219060897827 776
1781296936315 0.5603476762771606 777
1781296936319 0.22725710272789001 778
1781296936322 0.32906678318977356 779
1781296936326 0.47132471203804016 780
1781296936329 0.2013036459684372 781
1781296936333 0.39352986216545105 782
1781296936337 0.3387416899204254 783
1781296936340 0.30838021636009216 784
1781296936344 0.37559109926223755 785
1781296936347 0.36624693870544434 786
1781296936350 0.38027048110961914 787
1781296936354 0.3076598346233368 788
1781296936357 0.4889391362667084 789
1781296936361 0.21774661540985107 790
1781296936365 0.5185733437538147 791
1781296936368 0.39649122953414917 792
1781296936371 0.25670120120048523 793
1781296936375 0.36635473370552063 794
1781296936378 0.15631870925426483 795
1781296936382 0.22464407980442047 796
1781296936386 0.5567861199378967 797
1781296936389 0.17279954254627228 798
1781296936392 0.4160556197166443 799
1781296936396 0.3034948706626892 800
1781296936400 0.1928004026412964 801
1781296936403 0.3706916868686676 802
1781296936406 0.22079087793827057 803
1781296936410 0.5241582989692688 804
1781296936414 0.30998629331588745 805
1781296936417 0.4068969488143921 806
1781296936420 0.3815292716026306 807
1781296936424 0.470333069562912 808
1781296936427 0.38172027468681335 809
1781296936431 0.5941140651702881 810
1781296936434 0.40097692608833313 811
1781296936437 0.29408130049705505 812
1781296936443 0.3101801872253418 813
1781296936446 0.497382253408432 814
1781296936450 0.2205178141593933 815
1781296936453 0.26822128891944885 816
1781296936456 0.31055912375450134 817
1781296936459 0.2476191222667694 818
1781296936463 0.3224630355834961 819
1781296936466 0.31454363465309143 820
1781296936470 0.40183770656585693 821
1781296936473 0.3674086928367615 822
1781296936476 0.4634086489677429 823
1781296936480 0.3119933009147644 824
1781296936483 0.19957734644412994 825
1781296936487 0.37065747380256653 826
1781296936490 0.40181100368499756 827
1781296936493 0.2317076176404953 828
1781296936497 0.1841707080602646 829
1781296936500 0.36610302329063416 830
1781296936504 0.23063652217388153 831
1781296936507 0.35003605484962463 832
1781296936510 0.22415791451931 833
1781296936514 0.35545292496681213 834
1781296936517 0.3327533006668091 835
1781296936520 0.3957943916320801 836
1781296936524 0.12725670635700226 837
1781296936527 0.5994614362716675 838
1781296936531 0.6645841002464294 839
1781296936534 0.29140594601631165 840
1781296936538 0.48279157280921936 841
1781296936541 0.2746853232383728 842
1781296936545 0.2992887794971466 843
1781296936548 0.2877989113330841 844
1781296936551 0.32832735776901245 845
1781296936555 0.39967575669288635 846
1781296936559 0.42737823724746704 847
1781296936562 0.40249449014663696 848
1781296936566 0.43418291211128235 849
1781296936569 0.3413814902305603 850
1781296936572 0.3622169494628906 851
1781296936575 0.32720884680747986 852
1781296936579 0.29226723313331604 853
1781296936582 0.2697380781173706 854
1781296936586 0.3049198389053345 855
1781296936589 0.3339487314224243 856
1781296936593 0.37125056982040405 857
1781296936598 0.48739007115364075 858
1781296936602 0.41647037863731384 859
1781296936605 0.464770644903183 860
1781296936609 0.3848700523376465 861
1781296936612 0.35584571957588196 862
1781296936617 0.47567594051361084 863
1781296936621 0.3954090178012848 864
1781296936625 0.33258941769599915 865
1781296936629 0.2280365526676178 866
1781296936632 0.3582281470298767 867
1781296936636 0.3601093590259552 868
1781296936640 0.39447295665740967 869
1781296936643 0.4851227402687073 870
1781296936647 0.34268510341644287 871
1781296936650 0.26912257075309753 872
1781296936654 0.300187349319458 873
1781296936657 0.3613690733909607 874
1781296936661 0.30982524156570435 875
1781296936664 0.4518270790576935 876
1781296936668 0.31708160042762756 877
1781296936671 0.26276424527168274 878
1781296936675 0.3422122299671173 879
1781296936678 0.4448372423648834 880
1781296936682 0.4941938519477844 881
1781296936685 0.2694780230522156 882
1781296936689 0.3623071610927582 883
1781296936692 0.4449182450771332 884
1781296936697 0.2225017547607422 885
1781296936703 0.33034369349479675 886
1781296936706 0.33746686577796936 887
1781296936710 0.4344780147075653 888
1781296936714 0.1956724226474762 889
1781296936717 0.5253191590309143 890
1781296936721 0.319052517414093 891
1781296936724 0.5474283695220947 892
1781296936728 0.3431493043899536 893
1781296936732 0.4947596788406372 894
1781296936735 0.4082230031490326 895
1781296936739 0.3904725909233093 896
1781296936743 0.4312320649623871 897
1781296936747 0.5096309185028076 898
1781296936751 0.4872666597366333 899
1781296936754 0.5021224021911621 900
1781296936758 0.31456121802330017 901
1781296936761 0.2671474814414978 902
1781296936765 0.3783039152622223 903
1781296936769 0.39639657735824585 904
1781296936773 0.2476508617401123 905
1781296936776 0.29303017258644104 906
1781296936780 0.43667128682136536 907
1781296936784 0.35810744762420654 908
1781296936787 0.3527311682701111 909
1781296936791 0.3117479979991913 910
1781296936794 0.2786596119403839 911
1781296936798 0.3428139388561249 912
1781296936802 0.17851479351520538 913
1781296936808 0.36490076780319214 914
1781296936812 0.4197780191898346 915
1781296936815 0.3308878242969513 916
1781296936819 0.20238308608531952 917
1781296936823 0.16650433838367462 918
1781296936827 0.2557442784309387 919
1781296936830 0.3090842068195343 920
1781296936834 0.24619020521640778 921
1781296936838 0.26990097761154175 922
1781296936841 0.331637442111969 923
1781296936845 0.4494316577911377 924
1781296936849 0.3740057349205017 925
1781296936852 0.3237946331501007 926
1781296936857 0.5092180371284485 927
1781296936860 0.3363526165485382 928
1781296936864 0.22384364902973175 929
1781296936867 0.3539702594280243 930
1781296936871 0.4083061218261719 931
1781296936875 0.22704990208148956 932
1781296936879 0.27840563654899597 933
1781296936882 0.26094529032707214 934
1781296936886 0.22813086211681366 935
1781296936890 0.6286752223968506 936
1781296937103 0.3740372061729431 937
1781296937107 0.1509820520877838 938
1781296937111 0.23802675306797028 939
1781296937116 0.2612958252429962 940
1781296937120 0.3984704613685608 941
1781296937124 0.22235938906669617 942
1781296937128 0.3051013648509979 943
1781296937131 0.422199547290802 944
1781296937135 0.3631410002708435 945
1781296937138 0.4272848069667816 946
1781296937142 0.2559366822242737 947
1781296937147 0.3710769712924957 948
1781296937151 0.512052595615387 949
1781296937155 0.4009660482406616 950
1781296937159 0.16442164778709412 951
1781296937164 0.4411712884902954 952
1781296937169 0.3411775231361389 953
1781296937173 0.28669434785842896 954
1781296937178 0.3288290798664093 955
1781296937182 0.5287191271781921 956
1781296937185 0.3400283455848694 957
1781296937189 0.5292209982872009 958
1781296937193 0.33159005641937256 959
1781296937198 0.4488378167152405 960
1781296937202 0.40405532717704773 961
1781296937205 0.23165063560009003 962
1781296937209 0.47971415519714355 963
1781296937212 0.2471451461315155 964
1781296937216 0.44267675280570984 965
1781296937220 0.5904349684715271 966
1781296937223 0.4347727298736572 967
1781296937229 0.4552347958087921 968
